all	1221	1	21282	0.0000470
all	1232	1	21282	0.0000470
all	1243	1	21282	0.0000470
all	1253	1	21282	0.0000470
all	1269	1	21282	0.0000470
all	1275	1	21282	0.0000470
all	1279	1	21282	0.0000470
all	1319	1	21282	0.0000470
all	1349	1	21282	0.0000470
all	1370	1	21282	0.0000470
all	1373	1	21282	0.0000470
all	1374	1	21282	0.0000470
all	1396	1	21282	0.0000470
all	1411	1	21282	0.0000470
all	1433	1	21282	0.0000470
all	1447	1	21282	0.0000470
all	1449	1	21282	0.0000470
all	1455	1	21282	0.0000470
all	1463	1	21282	0.0000470
all	1472	1	21282	0.0000470
all	1478	2	21282	0.0000940
all	1480	1	21282	0.0000470
all	1494	1	21282	0.0000470
all	1495	1	21282	0.0000470
all	1515	1	21282	0.0000470
all	1524	1	21282	0.0000470
all	1545	2	21282	0.0000940
all	1549	2	21282	0.0000940
all	1560	1	21282	0.0000470
all	1567	1	21282	0.0000470
all	1572	1	21282	0.0000470
all	1577	1	21282	0.0000470
all	1591	1	21282	0.0000470
all	1605	1	21282	0.0000470
all	1615	1	21282	0.0000470
all	1624	1	21282	0.0000470
all	1627	1	21282	0.0000470
all	1630	1	21282	0.0000470
all	1631	1	21282	0.0000470
all	1635	1	21282	0.0000470
all	1637	2	21282	0.0000940
all	1654	1	21282	0.0000470
all	1656	1	21282	0.0000470
all	1659	1	21282	0.0000470
all	1671	1	21282	0.0000470
all	1677	1	21282	0.0000470
all	1680	1	21282	0.0000470
all	1685	2	21282	0.0000940
all	1686	1	21282	0.0000470
all	1687	1	21282	0.0000470
all	1688	1	21282	0.0000470
all	1689	1	21282	0.0000470
all	1691	1	21282	0.0000470
all	1693	1	21282	0.0000470
all	1696	1	21282	0.0000470
all	1700	1	21282	0.0000470
all	1705	1	21282	0.0000470
all	1707	1	21282	0.0000470
all	1708	1	21282	0.0000470
all	1710	1	21282	0.0000470
all	1712	1	21282	0.0000470
all	1713	2	21282	0.0000940
all	1716	1	21282	0.0000470
all	1719	1	21282	0.0000470
all	1723	2	21282	0.0000940
all	1726	1	21282	0.0000470
all	1728	1	21282	0.0000470
all	1734	1	21282	0.0000470
all	1740	1	21282	0.0000470
all	1742	1	21282	0.0000470
all	1749	1	21282	0.0000470
all	1751	2	21282	0.0000940
all	1756	1	21282	0.0000470
all	1758	1	21282	0.0000470
all	1767	1	21282	0.0000470
all	1785	1	21282	0.0000470
all	1798	2	21282	0.0000940
all	1808	1	21282	0.0000470
all	1820	1	21282	0.0000470
all	1822	1	21282	0.0000470
all	1824	1	21282	0.0000470
all	1828	1	21282	0.0000470
all	1832	1	21282	0.0000470
all	1836	1	21282	0.0000470
all	1840	2	21282	0.0000940
all	1842	2	21282	0.0000940
all	1843	1	21282	0.0000470
all	1846	1	21282	0.0000470
all	1852	3	21282	0.0001410
all	1855	3	21282	0.0001410
all	1856	1	21282	0.0000470
all	1857	1	21282	0.0000470
all	1863	1	21282	0.0000470
all	1864	1	21282	0.0000470
all	1866	2	21282	0.0000940
all	1867	2	21282	0.0000940
all	1868	1	21282	0.0000470
all	1869	1	21282	0.0000470
all	1873	2	21282	0.0000940
all	1876	1	21282	0.0000470
all	1877	1	21282	0.0000470
all	1879	1	21282	0.0000470
all	1881	1	21282	0.0000470
all	1888	1	21282	0.0000470
all	1889	2	21282	0.0000940
all	1891	1	21282	0.0000470
all	1897	1	21282	0.0000470
all	1899	2	21282	0.0000940
all	1903	1	21282	0.0000470
all	1906	1	21282	0.0000470
all	1908	1	21282	0.0000470
all	1909	1	21282	0.0000470
all	1910	1	21282	0.0000470
all	1912	1	21282	0.0000470
all	1915	1	21282	0.0000470
all	1916	1	21282	0.0000470
all	1920	2	21282	0.0000940
all	1924	1	21282	0.0000470
all	1925	1	21282	0.0000470
all	1928	1	21282	0.0000470
all	1933	2	21282	0.0000940
all	1935	1	21282	0.0000470
all	1936	1	21282	0.0000470
all	1937	1	21282	0.0000470
all	1939	1	21282	0.0000470
all	1942	1	21282	0.0000470
all	1945	1	21282	0.0000470
all	1950	1	21282	0.0000470
all	1951	1	21282	0.0000470
all	1952	1	21282	0.0000470
all	1953	1	21282	0.0000470
all	1957	1	21282	0.0000470
all	1961	1	21282	0.0000470
all	1962	1	21282	0.0000470
all	1966	1	21282	0.0000470
all	1967	1	21282	0.0000470
all	1968	1	21282	0.0000470
all	1970	2	21282	0.0000940
all	1971	1	21282	0.0000470
all	1973	1	21282	0.0000470
all	1978	1	21282	0.0000470
all	1979	1	21282	0.0000470
all	1980	1	21282	0.0000470
all	1982	1	21282	0.0000470
all	1984	2	21282	0.0000940
all	1987	2	21282	0.0000940
all	1989	1	21282	0.0000470
all	1993	1	21282	0.0000470
all	1994	2	21282	0.0000940
all	1995	1	21282	0.0000470
all	1997	1	21282	0.0000470
all	1998	2	21282	0.0000940
all	1999	1	21282	0.0000470
all	2000	1	21282	0.0000470
all	2001	1	21282	0.0000470
all	2007	1	21282	0.0000470
all	2008	2	21282	0.0000940
all	2010	1	21282	0.0000470
all	2011	1	21282	0.0000470
all	2014	1	21282	0.0000470
all	2015	1	21282	0.0000470
all	2016	1	21282	0.0000470
all	2017	1	21282	0.0000470
all	2018	1	21282	0.0000470
all	2021	2	21282	0.0000940
all	2022	2	21282	0.0000940
all	2026	2	21282	0.0000940
all	2028	2	21282	0.0000940
all	2030	1	21282	0.0000470
all	2031	2	21282	0.0000940
all	2032	1	21282	0.0000470
all	2034	1	21282	0.0000470
all	2035	1	21282	0.0000470
all	2036	1	21282	0.0000470
all	2039	2	21282	0.0000940
all	2043	1	21282	0.0000470
all	2044	2	21282	0.0000940
all	2045	1	21282	0.0000470
all	2047	1	21282	0.0000470
all	2049	2	21282	0.0000940
all	2051	1	21282	0.0000470
all	2052	1	21282	0.0000470
all	2053	1	21282	0.0000470
all	2055	3	21282	0.0001410
all	2056	2	21282	0.0000940
all	2061	1	21282	0.0000470
all	2066	2	21282	0.0000940
all	2067	2	21282	0.0000940
all	2069	1	21282	0.0000470
all	2070	1	21282	0.0000470
all	2071	1	21282	0.0000470
all	2072	1	21282	0.0000470
all	2076	1	21282	0.0000470
all	2079	2	21282	0.0000940
all	2084	1	21282	0.0000470
all	2088	1	21282	0.0000470
all	2089	1	21282	0.0000470
all	2090	1	21282	0.0000470
all	2092	2	21282	0.0000940
all	2096	1	21282	0.0000470
all	2097	2	21282	0.0000940
all	2098	1	21282	0.0000470
all	2099	1	21282	0.0000470
all	2103	1	21282	0.0000470
all	2105	1	21282	0.0000470
all	2115	1	21282	0.0000470
all	2116	2	21282	0.0000940
all	2117	1	21282	0.0000470
all	2118	1	21282	0.0000470
all	2120	1	21282	0.0000470
all	2121	1	21282	0.0000470
all	2125	2	21282	0.0000940
all	2127	1	21282	0.0000470
all	2131	1	21282	0.0000470
all	2133	1	21282	0.0000470
all	2137	1	21282	0.0000470
all	2138	1	21282	0.0000470
all	2141	1	21282	0.0000470
all	2145	1	21282	0.0000470
all	2147	1	21282	0.0000470
all	2149	1	21282	0.0000470
all	2150	1	21282	0.0000470
all	2151	1	21282	0.0000470
all	2155	1	21282	0.0000470
all	2157	1	21282	0.0000470
all	2167	1	21282	0.0000470
all	2170	1	21282	0.0000470
all	2171	1	21282	0.0000470
all	2174	1	21282	0.0000470
all	2175	1	21282	0.0000470
all	2178	1	21282	0.0000470
all	2180	3	21282	0.0001410
all	2182	1	21282	0.0000470
all	2183	1	21282	0.0000470
all	2188	1	21282	0.0000470
all	2189	1	21282	0.0000470
all	2190	1	21282	0.0000470
all	2193	2	21282	0.0000940
all	2197	1	21282	0.0000470
all	2198	1	21282	0.0000470
all	2200	1	21282	0.0000470
all	2201	2	21282	0.0000940
all	2203	1	21282	0.0000470
all	2205	1	21282	0.0000470
all	2206	3	21282	0.0001410
all	2208	1	21282	0.0000470
all	2209	2	21282	0.0000940
all	2210	2	21282	0.0000940
all	2211	1	21282	0.0000470
all	2213	2	21282	0.0000940
all	2214	1	21282	0.0000470
all	2215	2	21282	0.0000940
all	2216	3	21282	0.0001410
all	2217	2	21282	0.0000940
all	2219	1	21282	0.0000470
all	2221	2	21282	0.0000940
all	2222	2	21282	0.0000940
all	2224	1	21282	0.0000470
all	2225	1	21282	0.0000470
all	2227	1	21282	0.0000470
all	2233	1	21282	0.0000470
all	2234	1	21282	0.0000470
all	2239	1	21282	0.0000470
all	2240	1	21282	0.0000470
all	2241	2	21282	0.0000940
all	2242	1	21282	0.0000470
all	2244	1	21282	0.0000470
all	2245	1	21282	0.0000470
all	2248	1	21282	0.0000470
all	2250	2	21282	0.0000940
all	2252	1	21282	0.0000470
all	2254	1	21282	0.0000470
all	2255	1	21282	0.0000470
all	2260	2	21282	0.0000940
all	2262	1	21282	0.0000470
all	2263	1	21282	0.0000470
all	2266	1	21282	0.0000470
all	2269	1	21282	0.0000470
all	2272	1	21282	0.0000470
all	2273	1	21282	0.0000470
all	2276	3	21282	0.0001410
all	2277	1	21282	0.0000470
all	2278	3	21282	0.0001410
all	2279	2	21282	0.0000940
all	2280	2	21282	0.0000940
all	2281	1	21282	0.0000470
all	2282	1	21282	0.0000470
all	2283	2	21282	0.0000940
all	2284	1	21282	0.0000470
all	2286	2	21282	0.0000940
all	2288	1	21282	0.0000470
all	2289	2	21282	0.0000940
all	2290	1	21282	0.0000470
all	2291	2	21282	0.0000940
all	2292	3	21282	0.0001410
all	2293	1	21282	0.0000470
all	2294	2	21282	0.0000940
all	2295	2	21282	0.0000940
all	2296	2	21282	0.0000940
all	2297	2	21282	0.0000940
all	2298	2	21282	0.0000940
all	2299	2	21282	0.0000940
all	2300	2	21282	0.0000940
all	2302	4	21282	0.0001880
all	2303	2	21282	0.0000940
all	2304	4	21282	0.0001880
all	2305	3	21282	0.0001410
all	2306	1	21282	0.0000470
all	2307	2	21282	0.0000940
all	2308	1	21282	0.0000470
all	2309	1	21282	0.0000470
all	2310	1	21282	0.0000470
all	2311	1	21282	0.0000470
all	2312	2	21282	0.0000940
all	2313	2	21282	0.0000940
all	2314	2	21282	0.0000940
all	2315	3	21282	0.0001410
all	2317	1	21282	0.0000470
all	2318	1	21282	0.0000470
all	2319	2	21282	0.0000940
all	2320	4	21282	0.0001880
all	2321	3	21282	0.0001410
all	2323	2	21282	0.0000940
all	2324	2	21282	0.0000940
all	2325	1	21282	0.0000470
all	2326	4	21282	0.0001880
all	2327	1	21282	0.0000470
all	2328	2	21282	0.0000940
all	2329	1	21282	0.0000470
all	2330	4	21282	0.0001880
all	2331	1	21282	0.0000470
all	2333	7	21282	0.0003289
all	2334	2	21282	0.0000940
all	2335	2	21282	0.0000940
all	2336	5	21282	0.0002349
all	2337	5	21282	0.0002349
all	2338	2	21282	0.0000940
all	2339	2	21282	0.0000940
all	2340	2	21282	0.0000940
all	2341	3	21282	0.0001410
all	2342	6	21282	0.0002819
all	2343	1	21282	0.0000470
all	2344	1	21282	0.0000470
all	2345	4	21282	0.0001880
all	2346	1	21282	0.0000470
all	2347	4	21282	0.0001880
all	2348	4	21282	0.0001880
all	2349	3	21282	0.0001410
all	2350	1	21282	0.0000470
all	2351	2	21282	0.0000940
all	2352	2	21282	0.0000940
all	2353	1	21282	0.0000470
all	2354	4	21282	0.0001880
all	2355	1	21282	0.0000470
all	2356	1	21282	0.0000470
all	2357	1	21282	0.0000470
all	2359	2	21282	0.0000940
all	2360	2	21282	0.0000940
all	2361	1	21282	0.0000470
all	2362	4	21282	0.0001880
all	2363	5	21282	0.0002349
all	2364	2	21282	0.0000940
all	2365	1	21282	0.0000470
all	2367	1	21282	0.0000470
all	2368	3	21282	0.0001410
all	2369	3	21282	0.0001410
all	2371	1	21282	0.0000470
all	2372	2	21282	0.0000940
all	2373	1	21282	0.0000470
all	2377	3	21282	0.0001410
all	2378	1	21282	0.0000470
all	2380	1	21282	0.0000470
all	2381	1	21282	0.0000470
all	2385	1	21282	0.0000470
all	2386	4	21282	0.0001880
all	2387	1	21282	0.0000470
all	2388	2	21282	0.0000940
all	2389	3	21282	0.0001410
all	2390	1	21282	0.0000470
all	2391	2	21282	0.0000940
all	2392	1	21282	0.0000470
all	2393	2	21282	0.0000940
all	2394	1	21282	0.0000470
all	2395	2	21282	0.0000940
all	2397	3	21282	0.0001410
all	2399	1	21282	0.0000470
all	2400	4	21282	0.0001880
all	2401	1	21282	0.0000470
all	2402	1	21282	0.0000470
all	2406	1	21282	0.0000470
all	2407	1	21282	0.0000470
all	2410	2	21282	0.0000940
all	2411	2	21282	0.0000940
all	2412	3	21282	0.0001410
all	2413	2	21282	0.0000940
all	2414	1	21282	0.0000470
all	2415	2	21282	0.0000940
all	2417	2	21282	0.0000940
all	2419	1	21282	0.0000470
all	2420	1	21282	0.0000470
all	2422	1	21282	0.0000470
all	2423	2	21282	0.0000940
all	2424	2	21282	0.0000940
all	2425	1	21282	0.0000470
all	2428	2	21282	0.0000940
all	2429	2	21282	0.0000940
all	2430	1	21282	0.0000470
all	2431	2	21282	0.0000940
all	2432	1	21282	0.0000470
all	2433	1	21282	0.0000470
all	2435	1	21282	0.0000470
all	2436	1	21282	0.0000470
all	2437	2	21282	0.0000940
all	2438	1	21282	0.0000470
all	2440	2	21282	0.0000940
all	2443	2	21282	0.0000940
all	2445	3	21282	0.0001410
all	2446	1	21282	0.0000470
all	2447	1	21282	0.0000470
all	2448	2	21282	0.0000940
all	2449	1	21282	0.0000470
all	2450	2	21282	0.0000940
all	2453	4	21282	0.0001880
all	2455	1	21282	0.0000470
all	2458	1	21282	0.0000470
all	2460	1	21282	0.0000470
all	2461	1	21282	0.0000470
all	2462	1	21282	0.0000470
all	2463	1	21282	0.0000470
all	2464	1	21282	0.0000470
all	2465	3	21282	0.0001410
all	2466	3	21282	0.0001410
all	2469	1	21282	0.0000470
all	2471	2	21282	0.0000940
all	2472	1	21282	0.0000470
all	2473	3	21282	0.0001410
all	2474	2	21282	0.0000940
all	2475	1	21282	0.0000470
all	2476	3	21282	0.0001410
all	2477	1	21282	0.0000470
all	2480	3	21282	0.0001410
all	2481	1	21282	0.0000470
all	2482	1	21282	0.0000470
all	2483	1	21282	0.0000470
all	2484	1	21282	0.0000470
all	2486	1	21282	0.0000470
all	2489	1	21282	0.0000470
all	2490	1	21282	0.0000470
all	2491	1	21282	0.0000470
all	2493	1	21282	0.0000470
all	2494	3	21282	0.0001410
all	2495	3	21282	0.0001410
all	2497	1	21282	0.0000470
all	2499	2	21282	0.0000940
all	2500	2	21282	0.0000940
all	2501	3	21282	0.0001410
all	2503	1	21282	0.0000470
all	2504	2	21282	0.0000940
all	2505	1	21282	0.0000470
all	2506	2	21282	0.0000940
all	2507	1	21282	0.0000470
all	2508	1	21282	0.0000470
all	2510	1	21282	0.0000470
all	2511	2	21282	0.0000940
all	2512	3	21282	0.0001410
all	2514	2	21282	0.0000940
all	2515	1	21282	0.0000470
all	2516	2	21282	0.0000940
all	2517	3	21282	0.0001410
all	2518	1	21282	0.0000470
all	2519	1	21282	0.0000470
all	2520	3	21282	0.0001410
all	2521	1	21282	0.0000470
all	2523	1	21282	0.0000470
all	2524	4	21282	0.0001880
all	2525	2	21282	0.0000940
all	2526	5	21282	0.0002349
all	2527	1	21282	0.0000470
all	2528	2	21282	0.0000940
all	2529	3	21282	0.0001410
all	2530	1	21282	0.0000470
all	2531	1	21282	0.0000470
all	2532	1	21282	0.0000470
all	2534	3	21282	0.0001410
all	2535	2	21282	0.0000940
all	2536	6	21282	0.0002819
all	2537	2	21282	0.0000940
all	2538	1	21282	0.0000470
all	2539	1	21282	0.0000470
all	2541	2	21282	0.0000940
all	2542	4	21282	0.0001880
all	2543	1	21282	0.0000470
all	2544	1	21282	0.0000470
all	2545	4	21282	0.0001880
all	2546	2	21282	0.0000940
all	2547	1	21282	0.0000470
all	2548	1	21282	0.0000470
all	2549	1	21282	0.0000470
all	2550	2	21282	0.0000940
all	2551	4	21282	0.0001880
all	2552	1	21282	0.0000470
all	2553	2	21282	0.0000940
all	2554	2	21282	0.0000940
all	2555	1	21282	0.0000470
all	2556	2	21282	0.0000940
all	2557	1	21282	0.0000470
all	2558	4	21282	0.0001880
all	2559	1	21282	0.0000470
all	2560	1	21282	0.0000470
all	2562	6	21282	0.0002819
all	2563	3	21282	0.0001410
all	2564	3	21282	0.0001410
all	2565	4	21282	0.0001880
all	2566	2	21282	0.0000940
all	2567	2	21282	0.0000940
all	2569	1	21282	0.0000470
all	2570	5	21282	0.0002349
all	2571	4	21282	0.0001880
all	2572	2	21282	0.0000940
all	2573	4	21282	0.0001880
all	2574	1	21282	0.0000470
all	2575	2	21282	0.0000940
all	2576	3	21282	0.0001410
all	2577	2	21282	0.0000940
all	2578	1	21282	0.0000470
all	2579	1	21282	0.0000470
all	2580	3	21282	0.0001410
all	2581	2	21282	0.0000940
all	2582	2	21282	0.0000940
all	2583	1	21282	0.0000470
all	2585	1	21282	0.0000470
all	2586	2	21282	0.0000940
all	2587	2	21282	0.0000940
all	2588	1	21282	0.0000470
all	2589	1	21282	0.0000470
all	2590	2	21282	0.0000940
all	2591	2	21282	0.0000940
all	2592	3	21282	0.0001410
all	2593	4	21282	0.0001880
all	2594	4	21282	0.0001880
all	2595	3	21282	0.0001410
all	2596	6	21282	0.0002819
all	2597	2	21282	0.0000940
all	2598	4	21282	0.0001880
all	2599	4	21282	0.0001880
all	2600	2	21282	0.0000940
all	2602	2	21282	0.0000940
all	2603	1	21282	0.0000470
all	2605	2	21282	0.0000940
all	2606	5	21282	0.0002349
all	2608	3	21282	0.0001410
all	2609	2	21282	0.0000940
all	2610	2	21282	0.0000940
all	2611	4	21282	0.0001880
all	2612	3	21282	0.0001410
all	2613	1	21282	0.0000470
all	2614	6	21282	0.0002819
all	2615	2	21282	0.0000940
all	2616	3	21282	0.0001410
all	2617	3	21282	0.0001410
all	2618	2	21282	0.0000940
all	2619	3	21282	0.0001410
all	2620	1	21282	0.0000470
all	2621	3	21282	0.0001410
all	2622	2	21282	0.0000940
all	2623	3	21282	0.0001410
all	2624	2	21282	0.0000940
all	2625	1	21282	0.0000470
all	2626	5	21282	0.0002349
all	2627	3	21282	0.0001410
all	2628	2	21282	0.0000940
all	2629	2	21282	0.0000940
all	2630	2	21282	0.0000940
all	2631	3	21282	0.0001410
all	2632	1	21282	0.0000470
all	2633	5	21282	0.0002349
all	2634	3	21282	0.0001410
all	2635	1	21282	0.0000470
all	2636	1	21282	0.0000470
all	2637	4	21282	0.0001880
all	2638	2	21282	0.0000940
all	2639	1	21282	0.0000470
all	2640	2	21282	0.0000940
all	2641	5	21282	0.0002349
all	2642	6	21282	0.0002819
all	2643	1	21282	0.0000470
all	2645	4	21282	0.0001880
all	2646	2	21282	0.0000940
all	2647	2	21282	0.0000940
all	2648	3	21282	0.0001410
all	2649	3	21282	0.0001410
all	2650	5	21282	0.0002349
all	2651	2	21282	0.0000940
all	2652	1	21282	0.0000470
all	2653	4	21282	0.0001880
all	2654	2	21282	0.0000940
all	2655	3	21282	0.0001410
all	2656	1	21282	0.0000470
all	2657	2	21282	0.0000940
all	2658	1	21282	0.0000470
all	2659	2	21282	0.0000940
all	2660	1	21282	0.0000470
all	2661	4	21282	0.0001880
all	2662	1	21282	0.0000470
all	2663	4	21282	0.0001880
all	2664	2	21282	0.0000940
all	2665	4	21282	0.0001880
all	2666	5	21282	0.0002349
all	2667	1	21282	0.0000470
all	2668	4	21282	0.0001880
all	2669	5	21282	0.0002349
all	2670	7	21282	0.0003289
all	2671	5	21282	0.0002349
all	2672	1	21282	0.0000470
all	2673	3	21282	0.0001410
all	2674	2	21282	0.0000940
all	2675	2	21282	0.0000940
all	2676	10	21282	0.0004699
all	2677	2	21282	0.0000940
all	2678	5	21282	0.0002349
all	2679	3	21282	0.0001410
all	2681	5	21282	0.0002349
all	2682	2	21282	0.0000940
all	2683	6	21282	0.0002819
all	2684	3	21282	0.0001410
all	2685	4	21282	0.0001880
all	2686	2	21282	0.0000940
all	2687	3	21282	0.0001410
all	2688	2	21282	0.0000940
all	2689	3	21282	0.0001410
all	2690	2	21282	0.0000940
all	2691	5	21282	0.0002349
all	2692	2	21282	0.0000940
all	2693	1	21282	0.0000470
all	2694	5	21282	0.0002349
all	2695	6	21282	0.0002819
all	2696	4	21282	0.0001880
all	2697	3	21282	0.0001410
all	2698	2	21282	0.0000940
all	2699	6	21282	0.0002819
all	2700	6	21282	0.0002819
all	2701	3	21282	0.0001410
all	2702	4	21282	0.0001880
all	2703	4	21282	0.0001880
all	2704	4	21282	0.0001880
all	2705	1	21282	0.0000470
all	2706	5	21282	0.0002349
all	2707	1	21282	0.0000470
all	2708	5	21282	0.0002349
all	2709	3	21282	0.0001410
all	2710	2	21282	0.0000940
all	2711	5	21282	0.0002349
all	2712	3	21282	0.0001410
all	2713	7	21282	0.0003289
all	2714	3	21282	0.0001410
all	2715	4	21282	0.0001880
all	2716	8	21282	0.0003759
all	2717	4	21282	0.0001880
all	2718	4	21282	0.0001880
all	2719	7	21282	0.0003289
all	2720	12	21282	0.0005639
all	2721	8	21282	0.0003759
all	2722	4	21282	0.0001880
all	2723	4	21282	0.0001880
all	2724	7	21282	0.0003289
all	2725	4	21282	0.0001880
all	2726	5	21282	0.0002349
all	2727	4	21282	0.0001880
all	2728	4	21282	0.0001880
all	2729	9	21282	0.0004229
all	2730	3	21282	0.0001410
all	2731	3	21282	0.0001410
all	2732	3	21282	0.0001410
all	2733	2	21282	0.0000940
all	2734	4	21282	0.0001880
all	2735	2	21282	0.0000940
all	2736	3	21282	0.0001410
all	2737	7	21282	0.0003289
all	2738	3	21282	0.0001410
all	2739	5	21282	0.0002349
all	2740	3	21282	0.0001410
all	2741	3	21282	0.0001410
all	2742	6	21282	0.0002819
all	2743	3	21282	0.0001410
all	2744	7	21282	0.0003289
all	2745	2	21282	0.0000940
all	2746	14	21282	0.0006578
all	2747	2	21282	0.0000940
all	2748	5	21282	0.0002349
all	2749	5	21282	0.0002349
all	2750	4	21282	0.0001880
all	2751	8	21282	0.0003759
all	2752	2	21282	0.0000940
all	2753	3	21282	0.0001410
all	2754	11	21282	0.0005169
all	2755	4	21282	0.0001880
all	2756	9	21282	0.0004229
all	2757	11	21282	0.0005169
all	2758	9	21282	0.0004229
all	2759	5	21282	0.0002349
all	2760	3	21282	0.0001410
all	2761	8	21282	0.0003759
all	2763	10	21282	0.0004699
all	2765	1	21282	0.0000470
all	2766	6	21282	0.0002819
all	2767	4	21282	0.0001880
all	2768	3	21282	0.0001410
all	2769	4	21282	0.0001880
all	2770	4	21282	0.0001880
all	2771	6	21282	0.0002819
all	2772	3	21282	0.0001410
all	2773	2	21282	0.0000940
all	2774	8	21282	0.0003759
all	2775	4	21282	0.0001880
all	2776	3	21282	0.0001410
all	2777	13	21282	0.0006108
all	2778	3	21282	0.0001410
all	2779	7	21282	0.0003289
all	2780	4	21282	0.0001880
all	2781	3	21282	0.0001410
all	2782	4	21282	0.0001880
all	2783	4	21282	0.0001880
all	2784	6	21282	0.0002819
all	2785	5	21282	0.0002349
all	2786	4	21282	0.0001880
all	2787	6	21282	0.0002819
all	2788	6	21282	0.0002819
all	2789	4	21282	0.0001880
all	2790	2	21282	0.0000940
all	2791	5	21282	0.0002349
all	2792	8	21282	0.0003759
all	2793	5	21282	0.0002349
all	2794	6	21282	0.0002819
all	2795	4	21282	0.0001880
all	2796	6	21282	0.0002819
all	2797	6	21282	0.0002819
all	2798	9	21282	0.0004229
all	2799	7	21282	0.0003289
all	2800	1	21282	0.0000470
all	2801	5	21282	0.0002349
all	2802	2	21282	0.0000940
all	2803	7	21282	0.0003289
all	2804	4	21282	0.0001880
all	2805	4	21282	0.0001880
all	2806	4	21282	0.0001880
all	2807	5	21282	0.0002349
all	2808	2	21282	0.0000940
all	2809	3	21282	0.0001410
all	2810	7	21282	0.0003289
all	2811	3	21282	0.0001410
all	2812	8	21282	0.0003759
all	2813	4	21282	0.0001880
all	2814	4	21282	0.0001880
all	2815	10	21282	0.0004699
all	2816	7	21282	0.0003289
all	2817	8	21282	0.0003759
all	2818	4	21282	0.0001880
all	2819	6	21282	0.0002819
all	2820	4	21282	0.0001880
all	2821	5	21282	0.0002349
all	2822	8	21282	0.0003759
all	2823	5	21282	0.0002349
all	2824	3	21282	0.0001410
all	2825	2	21282	0.0000940
all	2826	4	21282	0.0001880
all	2827	3	21282	0.0001410
all	2828	2	21282	0.0000940
all	2829	3	21282	0.0001410
all	2830	5	21282	0.0002349
all	2831	10	21282	0.0004699
all	2832	7	21282	0.0003289
all	2833	1	21282	0.0000470
all	2834	3	21282	0.0001410
all	2835	6	21282	0.0002819
all	2836	5	21282	0.0002349
all	2837	6	21282	0.0002819
all	2838	5	21282	0.0002349
all	2839	6	21282	0.0002819
all	2840	6	21282	0.0002819
all	2841	1	21282	0.0000470
all	2842	4	21282	0.0001880
all	2843	8	21282	0.0003759
all	2844	5	21282	0.0002349
all	2845	4	21282	0.0001880
all	2846	6	21282	0.0002819
all	2847	2	21282	0.0000940
all	2848	5	21282	0.0002349
all	2849	7	21282	0.0003289
all	2850	3	21282	0.0001410
all	2851	5	21282	0.0002349
all	2852	5	21282	0.0002349
all	2853	4	21282	0.0001880
all	2854	3	21282	0.0001410
all	2855	7	21282	0.0003289
all	2856	7	21282	0.0003289
all	2857	5	21282	0.0002349
all	2858	6	21282	0.0002819
all	2859	3	21282	0.0001410
all	2860	2	21282	0.0000940
all	2861	6	21282	0.0002819
all	2862	10	21282	0.0004699
all	2863	4	21282	0.0001880
all	2864	5	21282	0.0002349
all	2865	3	21282	0.0001410
all	2866	6	21282	0.0002819
all	2867	6	21282	0.0002819
all	2868	8	21282	0.0003759
all	2869	9	21282	0.0004229
all	2870	6	21282	0.0002819
all	2871	7	21282	0.0003289
all	2872	10	21282	0.0004699
all	2873	5	21282	0.0002349
all	2874	3	21282	0.0001410
all	2875	2	21282	0.0000940
all	2876	9	21282	0.0004229
all	2877	4	21282	0.0001880
all	2878	5	21282	0.0002349
all	2879	4	21282	0.0001880
all	2880	12	21282	0.0005639
all	2881	6	21282	0.0002819
all	2882	4	21282	0.0001880
all	2883	5	21282	0.0002349
all	2884	5	21282	0.0002349
all	2885	9	21282	0.0004229
all	2886	5	21282	0.0002349
all	2887	6	21282	0.0002819
all	2888	10	21282	0.0004699
all	2889	8	21282	0.0003759
all	2890	3	21282	0.0001410
all	2891	7	21282	0.0003289
all	2892	3	21282	0.0001410
all	2893	6	21282	0.0002819
all	2894	4	21282	0.0001880
all	2895	2	21282	0.0000940
all	2896	5	21282	0.0002349
all	2897	3	21282	0.0001410
all	2898	9	21282	0.0004229
all	2899	5	21282	0.0002349
all	2900	8	21282	0.0003759
all	2901	1	21282	0.0000470
all	2902	6	21282	0.0002819
all	2903	4	21282	0.0001880
all	2904	3	21282	0.0001410
all	2905	4	21282	0.0001880
all	2906	7	21282	0.0003289
all	2907	3	21282	0.0001410
all	2908	7	21282	0.0003289
all	2909	7	21282	0.0003289
all	2910	7	21282	0.0003289
all	2911	3	21282	0.0001410
all	2912	2	21282	0.0000940
all	2913	9	21282	0.0004229
all	2914	3	21282	0.0001410
all	2915	8	21282	0.0003759
all	2916	8	21282	0.0003759
all	2917	3	21282	0.0001410
all	2918	6	21282	0.0002819
all	2919	9	21282	0.0004229
all	2920	6	21282	0.0002819
all	2921	4	21282	0.0001880
all	2922	6	21282	0.0002819
all	2923	5	21282	0.0002349
all	2924	5	21282	0.0002349
all	2925	8	21282	0.0003759
all	2926	3	21282	0.0001410
all	2927	10	21282	0.0004699
all	2928	5	21282	0.0002349
all	2929	8	21282	0.0003759
all	2930	7	21282	0.0003289
all	2931	5	21282	0.0002349
all	2932	3	21282	0.0001410
all	2933	6	21282	0.0002819
all	2934	2	21282	0.0000940
all	2935	9	21282	0.0004229
all	2936	3	21282	0.0001410
all	2937	6	21282	0.0002819
all	2938	5	21282	0.0002349
all	2939	2	21282	0.0000940
all	2940	5	21282	0.0002349
all	2941	7	21282	0.0003289
all	2942	4	21282	0.0001880
all	2943	5	21282	0.0002349
all	2944	8	21282	0.0003759
all	2945	7	21282	0.0003289
all	2946	6	21282	0.0002819
all	2947	9	21282	0.0004229
all	2948	6	21282	0.0002819
all	2949	4	21282	0.0001880
all	2950	4	21282	0.0001880
all	2951	2	21282	0.0000940
all	2952	7	21282	0.0003289
all	2953	14	21282	0.0006578
all	2954	9	21282	0.0004229
all	2955	9	21282	0.0004229
all	2956	10	21282	0.0004699
all	2957	10	21282	0.0004699
all	2958	5	21282	0.0002349
all	2959	9	21282	0.0004229
all	2960	6	21282	0.0002819
all	2961	7	21282	0.0003289
all	2962	11	21282	0.0005169
all	2963	4	21282	0.0001880
all	2964	6	21282	0.0002819
all	2965	4	21282	0.0001880
all	2966	6	21282	0.0002819
all	2967	7	21282	0.0003289
all	2968	5	21282	0.0002349
all	2969	9	21282	0.0004229
all	2970	6	21282	0.0002819
all	2971	6	21282	0.0002819
all	2972	4	21282	0.0001880
all	2973	7	21282	0.0003289
all	2974	6	21282	0.0002819
all	2975	6	21282	0.0002819
all	2976	6	21282	0.0002819
all	2977	5	21282	0.0002349
all	2978	6	21282	0.0002819
all	2979	6	21282	0.0002819
all	2980	8	21282	0.0003759
all	2981	7	21282	0.0003289
all	2982	10	21282	0.0004699
all	2983	8	21282	0.0003759
all	2984	9	21282	0.0004229
all	2985	10	21282	0.0004699
all	2986	10	21282	0.0004699
all	2987	9	21282	0.0004229
all	2988	9	21282	0.0004229
all	2989	8	21282	0.0003759
all	2990	9	21282	0.0004229
all	2991	10	21282	0.0004699
all	2992	10	21282	0.0004699
all	2993	12	21282	0.0005639
all	2994	3	21282	0.0001410
all	2995	6	21282	0.0002819
all	2996	5	21282	0.0002349
all	2997	6	21282	0.0002819
all	2998	3	21282	0.0001410
all	2999	7	21282	0.0003289
all	3000	7	21282	0.0003289
all	3001	6	21282	0.0002819
all	3002	7	21282	0.0003289
all	3003	8	21282	0.0003759
all	3004	5	21282	0.0002349
all	3005	9	21282	0.0004229
all	3006	4	21282	0.0001880
all	3007	6	21282	0.0002819
all	3008	8	21282	0.0003759
all	3009	11	21282	0.0005169
all	3010	5	21282	0.0002349
all	3011	7	21282	0.0003289
all	3012	3	21282	0.0001410
all	3013	5	21282	0.0002349
all	3014	8	21282	0.0003759
all	3015	8	21282	0.0003759
all	3016	6	21282	0.0002819
all	3017	4	21282	0.0001880
all	3018	4	21282	0.0001880
all	3019	4	21282	0.0001880
all	3020	3	21282	0.0001410
all	3021	7	21282	0.0003289
all	3022	5	21282	0.0002349
all	3023	3	21282	0.0001410
all	3024	2	21282	0.0000940
all	3025	6	21282	0.0002819
all	3026	4	21282	0.0001880
all	3027	7	21282	0.0003289
all	3028	3	21282	0.0001410
all	3029	8	21282	0.0003759
all	3030	5	21282	0.0002349
all	3031	6	21282	0.0002819
all	3032	2	21282	0.0000940
all	3033	10	21282	0.0004699
all	3034	4	21282	0.0001880
all	3035	3	21282	0.0001410
all	3036	3	21282	0.0001410
all	3037	8	21282	0.0003759
all	3038	6	21282	0.0002819
all	3039	3	21282	0.0001410
all	3040	6	21282	0.0002819
all	3041	2	21282	0.0000940
all	3042	7	21282	0.0003289
all	3043	6	21282	0.0002819
all	3044	6	21282	0.0002819
all	3045	5	21282	0.0002349
all	3046	7	21282	0.0003289
all	3047	8	21282	0.0003759
all	3048	7	21282	0.0003289
all	3049	16	21282	0.0007518
all	3050	6	21282	0.0002819
all	3051	8	21282	0.0003759
all	3052	7	21282	0.0003289
all	3053	6	21282	0.0002819
all	3054	8	21282	0.0003759
all	3055	6	21282	0.0002819
all	3056	4	21282	0.0001880
all	3057	6	21282	0.0002819
all	3058	6	21282	0.0002819
all	3059	8	21282	0.0003759
all	3060	5	21282	0.0002349
all	3061	3	21282	0.0001410
all	3062	7	21282	0.0003289
all	3063	9	21282	0.0004229
all	3064	5	21282	0.0002349
all	3065	11	21282	0.0005169
all	3066	5	21282	0.0002349
all	3067	2	21282	0.0000940
all	3068	6	21282	0.0002819
all	3069	7	21282	0.0003289
all	3070	3	21282	0.0001410
all	3071	7	21282	0.0003289
all	3072	4	21282	0.0001880
all	3073	9	21282	0.0004229
all	3074	5	21282	0.0002349
all	3075	4	21282	0.0001880
all	3076	6	21282	0.0002819
all	3077	3	21282	0.0001410
all	3078	8	21282	0.0003759
all	3079	6	21282	0.0002819
all	3080	12	21282	0.0005639
all	3081	6	21282	0.0002819
all	3082	8	21282	0.0003759
all	3083	7	21282	0.0003289
all	3084	15	21282	0.0007048
all	3085	10	21282	0.0004699
all	3086	4	21282	0.0001880
all	3087	6	21282	0.0002819
all	3088	6	21282	0.0002819
all	3089	11	21282	0.0005169
all	3090	5	21282	0.0002349
all	3091	4	21282	0.0001880
all	3092	6	21282	0.0002819
all	3093	2	21282	0.0000940
all	3094	6	21282	0.0002819
all	3095	3	21282	0.0001410
all	3096	8	21282	0.0003759
all	3097	6	21282	0.0002819
all	3098	6	21282	0.0002819
all	3099	10	21282	0.0004699
all	3100	10	21282	0.0004699
all	3101	5	21282	0.0002349
all	3102	8	21282	0.0003759
all	3103	6	21282	0.0002819
all	3104	6	21282	0.0002819
all	3105	5	21282	0.0002349
all	3106	5	21282	0.0002349
all	3107	7	21282	0.0003289
all	3108	8	21282	0.0003759
all	3109	6	21282	0.0002819
all	3110	4	21282	0.0001880
all	3111	5	21282	0.0002349
all	3112	6	21282	0.0002819
all	3113	3	21282	0.0001410
all	3114	5	21282	0.0002349
all	3115	5	21282	0.0002349
all	3116	2	21282	0.0000940
all	3117	2	21282	0.0000940
all	3118	3	21282	0.0001410
all	3119	7	21282	0.0003289
all	3120	3	21282	0.0001410
all	3121	5	21282	0.0002349
all	3122	2	21282	0.0000940
all	3123	3	21282	0.0001410
all	3124	2	21282	0.0000940
all	3125	2	21282	0.0000940
all	3126	3	21282	0.0001410
all	3127	5	21282	0.0002349
all	3128	3	21282	0.0001410
all	3129	9	21282	0.0004229
all	3130	3	21282	0.0001410
all	3131	7	21282	0.0003289
all	3132	7	21282	0.0003289
all	3133	5	21282	0.0002349
all	3134	6	21282	0.0002819
all	3135	7	21282	0.0003289
all	3136	6	21282	0.0002819
all	3137	6	21282	0.0002819
all	3138	6	21282	0.0002819
all	3139	5	21282	0.0002349
all	3140	2	21282	0.0000940
all	3141	8	21282	0.0003759
all	3142	9	21282	0.0004229
all	3143	7	21282	0.0003289
all	3144	8	21282	0.0003759
all	3145	6	21282	0.0002819
all	3146	8	21282	0.0003759
all	3147	12	21282	0.0005639
all	3148	8	21282	0.0003759
all	3149	8	21282	0.0003759
all	3150	16	21282	0.0007518
all	3151	5	21282	0.0002349
all	3152	9	21282	0.0004229
all	3153	8	21282	0.0003759
all	3154	6	21282	0.0002819
all	3155	5	21282	0.0002349
all	3156	6	21282	0.0002819
all	3157	3	21282	0.0001410
all	3158	15	21282	0.0007048
all	3159	9	21282	0.0004229
all	3160	9	21282	0.0004229
all	3161	8	21282	0.0003759
all	3162	11	21282	0.0005169
all	3163	7	21282	0.0003289
all	3164	7	21282	0.0003289
all	3165	12	21282	0.0005639
all	3166	6	21282	0.0002819
all	3167	10	21282	0.0004699
all	3168	7	21282	0.0003289
all	3169	7	21282	0.0003289
all	3170	13	21282	0.0006108
all	3171	6	21282	0.0002819
all	3172	10	21282	0.0004699
all	3173	5	21282	0.0002349
all	3174	6	21282	0.0002819
all	3175	6	21282	0.0002819
all	3176	9	21282	0.0004229
all	3177	7	21282	0.0003289
all	3178	1	21282	0.0000470
all	3179	15	21282	0.0007048
all	3180	10	21282	0.0004699
all	3181	11	21282	0.0005169
all	3182	10	21282	0.0004699
all	3183	4	21282	0.0001880
all	3184	3	21282	0.0001410
all	3185	7	21282	0.0003289
all	3186	8	21282	0.0003759
all	3187	7	21282	0.0003289
all	3188	4	21282	0.0001880
all	3189	3	21282	0.0001410
all	3190	10	21282	0.0004699
all	3191	9	21282	0.0004229
all	3192	6	21282	0.0002819
all	3193	6	21282	0.0002819
all	3194	11	21282	0.0005169
all	3195	9	21282	0.0004229
all	3196	6	21282	0.0002819
all	3197	8	21282	0.0003759
all	3198	4	21282	0.0001880
all	3199	6	21282	0.0002819
all	3200	8	21282	0.0003759
all	3201	6	21282	0.0002819
all	3202	6	21282	0.0002819
all	3203	8	21282	0.0003759
all	3204	9	21282	0.0004229
all	3205	7	21282	0.0003289
all	3206	6	21282	0.0002819
all	3207	5	21282	0.0002349
all	3208	5	21282	0.0002349
all	3209	6	21282	0.0002819
all	3210	7	21282	0.0003289
all	3211	4	21282	0.0001880
all	3212	4	21282	0.0001880
all	3213	3	21282	0.0001410
all	3214	9	21282	0.0004229
all	3215	2	21282	0.0000940
all	3216	3	21282	0.0001410
all	3217	9	21282	0.0004229
all	3218	6	21282	0.0002819
all	3219	10	21282	0.0004699
all	3220	8	21282	0.0003759
all	3221	5	21282	0.0002349
all	3222	7	21282	0.0003289
all	3223	1	21282	0.0000470
all	3224	8	21282	0.0003759
all	3225	4	21282	0.0001880
all	3226	11	21282	0.0005169
all	3227	11	21282	0.0005169
all	3228	5	21282	0.0002349
all	3229	9	21282	0.0004229
all	3230	4	21282	0.0001880
all	3231	6	21282	0.0002819
all	3232	7	21282	0.0003289
all	3233	5	21282	0.0002349
all	3234	2	21282	0.0000940
all	3235	3	21282	0.0001410
all	3236	5	21282	0.0002349
all	3237	16	21282	0.0007518
all	3238	9	21282	0.0004229
all	3239	4	21282	0.0001880
all	3240	3	21282	0.0001410
all	3241	3	21282	0.0001410
all	3242	8	21282	0.0003759
all	3243	9	21282	0.0004229
all	3244	5	21282	0.0002349
all	3245	2	21282	0.0000940
all	3246	5	21282	0.0002349
all	3247	8	21282	0.0003759
all	3248	8	21282	0.0003759
all	3249	7	21282	0.0003289
all	3250	5	21282	0.0002349
all	3251	6	21282	0.0002819
all	3252	7	21282	0.0003289
all	3253	4	21282	0.0001880
all	3254	7	21282	0.0003289
all	3255	2	21282	0.0000940
all	3256	2	21282	0.0000940
all	3257	4	21282	0.0001880
all	3258	7	21282	0.0003289
all	3259	6	21282	0.0002819
all	3260	6	21282	0.0002819
all	3261	7	21282	0.0003289
all	3262	5	21282	0.0002349
all	3263	9	21282	0.0004229
all	3264	5	21282	0.0002349
all	3265	9	21282	0.0004229
all	3266	9	21282	0.0004229
all	3267	5	21282	0.0002349
all	3268	7	21282	0.0003289
all	3269	6	21282	0.0002819
all	3270	3	21282	0.0001410
all	3271	4	21282	0.0001880
all	3272	6	21282	0.0002819
all	3273	7	21282	0.0003289
all	3274	4	21282	0.0001880
all	3275	7	21282	0.0003289
all	3276	8	21282	0.0003759
all	3277	8	21282	0.0003759
all	3278	4	21282	0.0001880
all	3279	4	21282	0.0001880
all	3280	8	21282	0.0003759
all	3281	6	21282	0.0002819
all	3282	2	21282	0.0000940
all	3283	4	21282	0.0001880
all	3284	6	21282	0.0002819
all	3285	11	21282	0.0005169
all	3286	5	21282	0.0002349
all	3287	1	21282	0.0000470
all	3288	7	21282	0.0003289
all	3289	3	21282	0.0001410
all	3290	7	21282	0.0003289
all	3291	8	21282	0.0003759
all	3292	7	21282	0.0003289
all	3293	5	21282	0.0002349
all	3294	7	21282	0.0003289
all	3295	4	21282	0.0001880
all	3296	7	21282	0.0003289
all	3297	3	21282	0.0001410
all	3298	8	21282	0.0003759
all	3299	2	21282	0.0000940
all	3300	6	21282	0.0002819
all	3301	6	21282	0.0002819
all	3302	8	21282	0.0003759
all	3303	5	21282	0.0002349
all	3304	7	21282	0.0003289
all	3305	8	21282	0.0003759
all	3306	6	21282	0.0002819
all	3307	7	21282	0.0003289
all	3308	10	21282	0.0004699
all	3309	8	21282	0.0003759
all	3310	9	21282	0.0004229
all	3311	8	21282	0.0003759
all	3312	9	21282	0.0004229
all	3313	4	21282	0.0001880
all	3314	5	21282	0.0002349
all	3315	12	21282	0.0005639
all	3316	3	21282	0.0001410
all	3317	8	21282	0.0003759
all	3318	8	21282	0.0003759
all	3319	7	21282	0.0003289
all	3320	8	21282	0.0003759
all	3321	5	21282	0.0002349
all	3322	9	21282	0.0004229
all	3323	11	21282	0.0005169
all	3324	5	21282	0.0002349
all	3325	6	21282	0.0002819
all	3326	5	21282	0.0002349
all	3327	9	21282	0.0004229
all	3328	8	21282	0.0003759
all	3329	7	21282	0.0003289
all	3330	7	21282	0.0003289
all	3331	11	21282	0.0005169
all	3332	6	21282	0.0002819
all	3333	13	21282	0.0006108
all	3334	10	21282	0.0004699
all	3335	7	21282	0.0003289
all	3336	10	21282	0.0004699
all	3337	9	21282	0.0004229
all	3338	8	21282	0.0003759
all	3339	7	21282	0.0003289
all	3340	9	21282	0.0004229
all	3341	8	21282	0.0003759
all	3342	11	21282	0.0005169
all	3343	14	21282	0.0006578
all	3344	12	21282	0.0005639
all	3345	8	21282	0.0003759
all	3346	5	21282	0.0002349
all	3347	10	21282	0.0004699
all	3348	11	21282	0.0005169
all	3349	17	21282	0.0007988
all	3350	15	21282	0.0007048
all	3351	9	21282	0.0004229
all	3352	13	21282	0.0006108
all	3353	9	21282	0.0004229
all	3354	7	21282	0.0003289
all	3355	6	21282	0.0002819
all	3356	9	21282	0.0004229
all	3357	11	21282	0.0005169
all	3358	5	21282	0.0002349
all	3359	9	21282	0.0004229
all	3360	14	21282	0.0006578
all	3361	11	21282	0.0005169
all	3362	15	21282	0.0007048
all	3363	6	21282	0.0002819
all	3364	11	21282	0.0005169
all	3365	8	21282	0.0003759
all	3366	12	21282	0.0005639
all	3367	10	21282	0.0004699
all	3368	10	21282	0.0004699
all	3369	8	21282	0.0003759
all	3370	5	21282	0.0002349
all	3371	9	21282	0.0004229
all	3372	6	21282	0.0002819
all	3373	9	21282	0.0004229
all	3374	6	21282	0.0002819
all	3375	9	21282	0.0004229
all	3376	5	21282	0.0002349
all	3377	10	21282	0.0004699
all	3378	10	21282	0.0004699
all	3379	9	21282	0.0004229
all	3380	6	21282	0.0002819
all	3381	10	21282	0.0004699
all	3382	10	21282	0.0004699
all	3383	5	21282	0.0002349
all	3384	9	21282	0.0004229
all	3385	7	21282	0.0003289
all	3386	5	21282	0.0002349
all	3387	9	21282	0.0004229
all	3388	3	21282	0.0001410
all	3389	9	21282	0.0004229
all	3390	8	21282	0.0003759
all	3391	6	21282	0.0002819
all	3392	10	21282	0.0004699
all	3393	7	21282	0.0003289
all	3394	11	21282	0.0005169
all	3395	10	21282	0.0004699
all	3396	11	21282	0.0005169
all	3397	10	21282	0.0004699
all	3398	9	21282	0.0004229
all	3399	18	21282	0.0008458
all	3400	11	21282	0.0005169
all	3401	17	21282	0.0007988
all	3402	11	21282	0.0005169
all	3403	10	21282	0.0004699
all	3404	10	21282	0.0004699
all	3405	11	21282	0.0005169
all	3406	10	21282	0.0004699
all	3407	10	21282	0.0004699
all	3408	8	21282	0.0003759
all	3409	12	21282	0.0005639
all	3410	13	21282	0.0006108
all	3411	6	21282	0.0002819
all	3412	8	21282	0.0003759
all	3413	11	21282	0.0005169
all	3414	10	21282	0.0004699
all	3415	3	21282	0.0001410
all	3416	10	21282	0.0004699
all	3417	10	21282	0.0004699
all	3418	16	21282	0.0007518
all	3419	14	21282	0.0006578
all	3420	22	21282	0.0010337
all	3421	8	21282	0.0003759
all	3422	9	21282	0.0004229
all	3423	8	21282	0.0003759
all	3424	7	21282	0.0003289
all	3425	8	21282	0.0003759
all	3426	5	21282	0.0002349
all	3427	12	21282	0.0005639
all	3428	10	21282	0.0004699
all	3429	15	21282	0.0007048
all	3430	11	21282	0.0005169
all	3431	23	21282	0.0010807
all	3432	12	21282	0.0005639
all	3433	15	21282	0.0007048
all	3434	15	21282	0.0007048
all	3435	11	21282	0.0005169
all	3436	10	21282	0.0004699
all	3437	13	21282	0.0006108
all	3438	6	21282	0.0002819
all	3439	20	21282	0.0009398
all	3440	10	21282	0.0004699
all	3441	12	21282	0.0005639
all	3442	11	21282	0.0005169
all	3443	10	21282	0.0004699
all	3444	20	21282	0.0009398
all	3445	14	21282	0.0006578
all	3446	17	21282	0.0007988
all	3447	13	21282	0.0006108
all	3448	11	21282	0.0005169
all	3449	20	21282	0.0009398
all	3450	9	21282	0.0004229
all	3451	15	21282	0.0007048
all	3452	9	21282	0.0004229
all	3453	13	21282	0.0006108
all	3454	12	21282	0.0005639
all	3455	12	21282	0.0005639
all	3456	10	21282	0.0004699
all	3457	12	21282	0.0005639
all	3458	14	21282	0.0006578
all	3459	12	21282	0.0005639
all	3460	18	21282	0.0008458
all	3461	15	21282	0.0007048
all	3462	16	21282	0.0007518
all	3463	5	21282	0.0002349
all	3464	18	21282	0.0008458
all	3465	11	21282	0.0005169
all	3466	11	21282	0.0005169
all	3467	10	21282	0.0004699
all	3468	17	21282	0.0007988
all	3469	17	21282	0.0007988
all	3470	17	21282	0.0007988
all	3471	14	21282	0.0006578
all	3472	11	21282	0.0005169
all	3473	15	21282	0.0007048
all	3474	14	21282	0.0006578
all	3475	9	21282	0.0004229
all	3476	13	21282	0.0006108
all	3477	11	21282	0.0005169
all	3478	12	21282	0.0005639
all	3479	13	21282	0.0006108
all	3480	13	21282	0.0006108
all	3481	11	21282	0.0005169
all	3482	9	21282	0.0004229
all	3483	14	21282	0.0006578
all	3484	19	21282	0.0008928
all	3485	20	21282	0.0009398
all	3486	11	21282	0.0005169
all	3487	16	21282	0.0007518
all	3488	12	21282	0.0005639
all	3489	21	21282	0.0009867
all	3490	11	21282	0.0005169
all	3491	13	21282	0.0006108
all	3492	10	21282	0.0004699
all	3493	10	21282	0.0004699
all	3494	19	21282	0.0008928
all	3495	14	21282	0.0006578
all	3496	12	21282	0.0005639
all	3497	23	21282	0.0010807
all	3498	10	21282	0.0004699
all	3499	15	21282	0.0007048
all	3500	16	21282	0.0007518
all	3501	15	21282	0.0007048
all	3502	14	21282	0.0006578
all	3503	13	21282	0.0006108
all	3504	17	21282	0.0007988
all	3505	20	21282	0.0009398
all	3506	22	21282	0.0010337
all	3507	19	21282	0.0008928
all	3508	12	21282	0.0005639
all	3509	13	21282	0.0006108
all	3510	13	21282	0.0006108
all	3511	10	21282	0.0004699
all	3512	14	21282	0.0006578
all	3513	16	21282	0.0007518
all	3514	18	21282	0.0008458
all	3515	7	21282	0.0003289
all	3516	13	21282	0.0006108
all	3517	13	21282	0.0006108
all	3518	14	21282	0.0006578
all	3519	13	21282	0.0006108
all	3520	19	21282	0.0008928
all	3521	14	21282	0.0006578
all	3522	12	21282	0.0005639
all	3523	11	21282	0.0005169
all	3524	20	21282	0.0009398
all	3525	12	21282	0.0005639
all	3526	17	21282	0.0007988
all	3527	20	21282	0.0009398
all	3528	14	21282	0.0006578
all	3529	14	21282	0.0006578
all	3530	10	21282	0.0004699
all	3531	23	21282	0.0010807
all	3532	17	21282	0.0007988
all	3533	15	21282	0.0007048
all	3534	13	21282	0.0006108
all	3535	21	21282	0.0009867
all	3536	8	21282	0.0003759
all	3537	16	21282	0.0007518
all	3538	13	21282	0.0006108
all	3539	18	21282	0.0008458
all	3540	20	21282	0.0009398
all	3541	9	21282	0.0004229
all	3542	16	21282	0.0007518
all	3543	13	21282	0.0006108
all	3544	18	21282	0.0008458
all	3545	9	21282	0.0004229
all	3546	19	21282	0.0008928
all	3547	13	21282	0.0006108
all	3548	17	21282	0.0007988
all	3549	12	21282	0.0005639
all	3550	9	21282	0.0004229
all	3551	11	21282	0.0005169
all	3552	20	21282	0.0009398
all	3553	21	21282	0.0009867
all	3554	17	21282	0.0007988
all	3555	14	21282	0.0006578
all	3556	15	21282	0.0007048
all	3557	16	21282	0.0007518
all	3558	12	21282	0.0005639
all	3559	16	21282	0.0007518
all	3560	14	21282	0.0006578
all	3561	15	21282	0.0007048
all	3562	10	21282	0.0004699
all	3563	12	21282	0.0005639
all	3564	15	21282	0.0007048
all	3565	12	21282	0.0005639
all	3566	20	21282	0.0009398
all	3567	17	21282	0.0007988
all	3568	11	21282	0.0005169
all	3569	9	21282	0.0004229
all	3570	21	21282	0.0009867
all	3571	16	21282	0.0007518
all	3572	17	21282	0.0007988
all	3573	17	21282	0.0007988
all	3574	20	21282	0.0009398
all	3575	15	21282	0.0007048
all	3576	18	21282	0.0008458
all	3577	12	21282	0.0005639
all	3578	11	21282	0.0005169
all	3579	12	21282	0.0005639
all	3580	17	21282	0.0007988
all	3581	14	21282	0.0006578
all	3582	21	21282	0.0009867
all	3583	23	21282	0.0010807
all	3584	23	21282	0.0010807
all	3585	16	21282	0.0007518
all	3586	12	21282	0.0005639
all	3587	24	21282	0.0011277
all	3588	12	21282	0.0005639
all	3589	12	21282	0.0005639
all	3590	14	21282	0.0006578
all	3591	14	21282	0.0006578
all	3592	14	21282	0.0006578
all	3593	16	21282	0.0007518
all	3594	13	21282	0.0006108
all	3595	19	21282	0.0008928
all	3596	9	21282	0.0004229
all	3597	11	21282	0.0005169
all	3598	18	21282	0.0008458
all	3599	12	21282	0.0005639
all	3600	11	21282	0.0005169
all	3601	13	21282	0.0006108
all	3602	20	21282	0.0009398
all	3603	17	21282	0.0007988
all	3604	23	21282	0.0010807
all	3605	18	21282	0.0008458
all	3606	24	21282	0.0011277
all	3607	10	21282	0.0004699
all	3608	11	21282	0.0005169
all	3609	15	21282	0.0007048
all	3610	14	21282	0.0006578
all	3611	19	21282	0.0008928
all	3612	21	21282	0.0009867
all	3613	14	21282	0.0006578
all	3614	13	21282	0.0006108
all	3615	20	21282	0.0009398
all	3616	16	21282	0.0007518
all	3617	15	21282	0.0007048
all	3618	21	21282	0.0009867
all	3619	11	21282	0.0005169
all	3620	11	21282	0.0005169
all	3621	10	21282	0.0004699
all	3622	18	21282	0.0008458
all	3623	12	21282	0.0005639
all	3624	12	21282	0.0005639
all	3625	9	21282	0.0004229
all	3626	14	21282	0.0006578
all	3627	8	21282	0.0003759
all	3628	10	21282	0.0004699
all	3629	13	21282	0.0006108
all	3630	9	21282	0.0004229
all	3631	6	21282	0.0002819
all	3632	12	21282	0.0005639
all	3633	14	21282	0.0006578
all	3634	18	21282	0.0008458
all	3635	11	21282	0.0005169
all	3636	12	21282	0.0005639
all	3637	4	21282	0.0001880
all	3638	11	21282	0.0005169
all	3639	9	21282	0.0004229
all	3640	12	21282	0.0005639
all	3641	11	21282	0.0005169
all	3642	20	21282	0.0009398
all	3643	15	21282	0.0007048
all	3644	8	21282	0.0003759
all	3645	25	21282	0.0011747
all	3646	8	21282	0.0003759
all	3647	12	21282	0.0005639
all	3648	15	21282	0.0007048
all	3649	14	21282	0.0006578
all	3650	21	21282	0.0009867
all	3651	18	21282	0.0008458
all	3652	17	21282	0.0007988
all	3653	12	21282	0.0005639
all	3654	11	21282	0.0005169
all	3655	11	21282	0.0005169
all	3656	14	21282	0.0006578
all	3657	8	21282	0.0003759
all	3658	18	21282	0.0008458
all	3659	6	21282	0.0002819
all	3660	8	21282	0.0003759
all	3661	19	21282	0.0008928
all	3662	13	21282	0.0006108
all	3663	10	21282	0.0004699
all	3664	13	21282	0.0006108
all	3665	13	21282	0.0006108
all	3666	17	21282	0.0007988
all	3667	23	21282	0.0010807
all	3668	12	21282	0.0005639
all	3669	11	21282	0.0005169
all	3670	10	21282	0.0004699
all	3671	21	21282	0.0009867
all	3672	11	21282	0.0005169
all	3673	7	21282	0.0003289
all	3674	14	21282	0.0006578
all	3675	12	21282	0.0005639
all	3676	10	21282	0.0004699
all	3677	11	21282	0.0005169
all	3678	10	21282	0.0004699
all	3679	13	21282	0.0006108
all	3680	8	21282	0.0003759
all	3681	10	21282	0.0004699
all	3682	16	21282	0.0007518
all	3683	13	21282	0.0006108
all	3684	21	21282	0.0009867
all	3685	14	21282	0.0006578
all	3686	9	21282	0.0004229
all	3687	13	21282	0.0006108
all	3688	7	21282	0.0003289
all	3689	11	21282	0.0005169
all	3690	12	21282	0.0005639
all	3691	13	21282	0.0006108
all	3692	14	21282	0.0006578
all	3693	13	21282	0.0006108
all	3694	14	21282	0.0006578
all	3695	7	21282	0.0003289
all	3696	10	21282	0.0004699
all	3697	19	21282	0.0008928
all	3698	14	21282	0.0006578
all	3699	14	21282	0.0006578
all	3700	9	21282	0.0004229
all	3701	12	21282	0.0005639
all	3702	8	21282	0.0003759
all	3703	15	21282	0.0007048
all	3704	12	21282	0.0005639
all	3705	12	21282	0.0005639
all	3706	15	21282	0.0007048
all	3707	10	21282	0.0004699
all	3708	11	21282	0.0005169
all	3709	13	21282	0.0006108
all	3710	6	21282	0.0002819
all	3711	9	21282	0.0004229
all	3712	10	21282	0.0004699
all	3713	8	21282	0.0003759
all	3714	6	21282	0.0002819
all	3715	12	21282	0.0005639
all	3716	6	21282	0.0002819
all	3717	18	21282	0.0008458
all	3718	15	21282	0.0007048
all	3719	7	21282	0.0003289
all	3720	12	21282	0.0005639
all	3721	11	21282	0.0005169
all	3722	9	21282	0.0004229
all	3723	11	21282	0.0005169
all	3724	12	21282	0.0005639
all	3725	13	21282	0.0006108
all	3726	13	21282	0.0006108
all	3727	10	21282	0.0004699
all	3728	13	21282	0.0006108
all	3729	9	21282	0.0004229
all	3730	15	21282	0.0007048
all	3731	13	21282	0.0006108
all	3732	7	21282	0.0003289
all	3733	11	21282	0.0005169
all	3734	12	21282	0.0005639
all	3735	13	21282	0.0006108
all	3736	12	21282	0.0005639
all	3737	10	21282	0.0004699
all	3738	9	21282	0.0004229
all	3739	4	21282	0.0001880
all	3740	10	21282	0.0004699
all	3741	7	21282	0.0003289
all	3742	10	21282	0.0004699
all	3743	4	21282	0.0001880
all	3744	12	21282	0.0005639
all	3745	7	21282	0.0003289
all	3746	4	21282	0.0001880
all	3747	9	21282	0.0004229
all	3748	12	21282	0.0005639
all	3749	10	21282	0.0004699
all	3750	9	21282	0.0004229
all	3751	12	21282	0.0005639
all	3752	9	21282	0.0004229
all	3753	11	21282	0.0005169
all	3754	13	21282	0.0006108
all	3755	15	21282	0.0007048
all	3756	13	21282	0.0006108
all	3757	15	21282	0.0007048
all	3758	13	21282	0.0006108
all	3759	6	21282	0.0002819
all	3760	15	21282	0.0007048
all	3761	13	21282	0.0006108
all	3762	14	21282	0.0006578
all	3763	9	21282	0.0004229
all	3764	5	21282	0.0002349
all	3765	10	21282	0.0004699
all	3766	10	21282	0.0004699
all	3767	12	21282	0.0005639
all	3768	10	21282	0.0004699
all	3769	10	21282	0.0004699
all	3770	12	21282	0.0005639
all	3771	12	21282	0.0005639
all	3772	9	21282	0.0004229
all	3773	13	21282	0.0006108
all	3774	15	21282	0.0007048
all	3775	11	21282	0.0005169
all	3776	22	21282	0.0010337
all	3777	11	21282	0.0005169
all	3778	4	21282	0.0001880
all	3779	10	21282	0.0004699
all	3780	14	21282	0.0006578
all	3781	11	21282	0.0005169
all	3782	8	21282	0.0003759
all	3783	16	21282	0.0007518
all	3784	12	21282	0.0005639
all	3785	10	21282	0.0004699
all	3786	15	21282	0.0007048
all	3787	12	21282	0.0005639
all	3788	9	21282	0.0004229
all	3789	4	21282	0.0001880
all	3790	2	21282	0.0000940
all	3791	14	21282	0.0006578
all	3792	12	21282	0.0005639
all	3793	11	21282	0.0005169
all	3794	15	21282	0.0007048
all	3795	18	21282	0.0008458
all	3796	17	21282	0.0007988
all	3797	9	21282	0.0004229
all	3798	9	21282	0.0004229
all	3799	10	21282	0.0004699
all	3800	9	21282	0.0004229
all	3801	9	21282	0.0004229
all	3802	7	21282	0.0003289
all	3803	12	21282	0.0005639
all	3804	10	21282	0.0004699
all	3805	15	21282	0.0007048
all	3806	14	21282	0.0006578
all	3807	15	21282	0.0007048
all	3808	12	21282	0.0005639
all	3809	7	21282	0.0003289
all	3810	8	21282	0.0003759
all	3811	12	21282	0.0005639
all	3812	13	21282	0.0006108
all	3813	13	21282	0.0006108
all	3814	14	21282	0.0006578
all	3815	4	21282	0.0001880
all	3816	13	21282	0.0006108
all	3817	14	21282	0.0006578
all	3818	7	21282	0.0003289
all	3819	12	21282	0.0005639
all	3820	11	21282	0.0005169
all	3821	14	21282	0.0006578
all	3822	12	21282	0.0005639
all	3823	13	21282	0.0006108
all	3824	10	21282	0.0004699
all	3825	13	21282	0.0006108
all	3826	9	21282	0.0004229
all	3827	11	21282	0.0005169
all	3828	13	21282	0.0006108
all	3829	9	21282	0.0004229
all	3830	10	21282	0.0004699
all	3831	11	21282	0.0005169
all	3832	8	21282	0.0003759
all	3833	10	21282	0.0004699
all	3834	9	21282	0.0004229
all	3835	7	21282	0.0003289
all	3836	8	21282	0.0003759
all	3837	10	21282	0.0004699
all	3838	9	21282	0.0004229
all	3839	8	21282	0.0003759
all	3840	12	21282	0.0005639
all	3841	9	21282	0.0004229
all	3842	17	21282	0.0007988
all	3843	8	21282	0.0003759
all	3844	12	21282	0.0005639
all	3845	14	21282	0.0006578
all	3846	10	21282	0.0004699
all	3847	6	21282	0.0002819
all	3848	18	21282	0.0008458
all	3849	9	21282	0.0004229
all	3850	11	21282	0.0005169
all	3851	19	21282	0.0008928
all	3852	12	21282	0.0005639
all	3853	11	21282	0.0005169
all	3854	7	21282	0.0003289
all	3855	16	21282	0.0007518
all	3856	10	21282	0.0004699
all	3857	11	21282	0.0005169
all	3858	9	21282	0.0004229
all	3859	6	21282	0.0002819
all	3860	14	21282	0.0006578
all	3861	8	21282	0.0003759
all	3862	8	21282	0.0003759
all	3863	12	21282	0.0005639
all	3864	19	21282	0.0008928
all	3865	8	21282	0.0003759
all	3866	10	21282	0.0004699
all	3867	11	21282	0.0005169
all	3868	4	21282	0.0001880
all	3869	13	21282	0.0006108
all	3870	18	21282	0.0008458
all	3871	12	21282	0.0005639
all	3872	8	21282	0.0003759
all	3873	10	21282	0.0004699
all	3874	9	21282	0.0004229
all	3875	11	21282	0.0005169
all	3876	13	21282	0.0006108
all	3877	8	21282	0.0003759
all	3878	12	21282	0.0005639
all	3879	11	21282	0.0005169
all	3880	13	21282	0.0006108
all	3881	9	21282	0.0004229
all	3882	8	21282	0.0003759
all	3883	12	21282	0.0005639
all	3884	12	21282	0.0005639
all	3885	15	21282	0.0007048
all	3886	12	21282	0.0005639
all	3887	12	21282	0.0005639
all	3888	13	21282	0.0006108
all	3889	10	21282	0.0004699
all	3890	10	21282	0.0004699
all	3891	10	21282	0.0004699
all	3892	13	21282	0.0006108
all	3893	16	21282	0.0007518
all	3894	10	21282	0.0004699
all	3895	13	21282	0.0006108
all	3896	5	21282	0.0002349
all	3897	18	21282	0.0008458
all	3898	10	21282	0.0004699
all	3899	7	21282	0.0003289
all	3900	12	21282	0.0005639
all	3901	12	21282	0.0005639
all	3902	9	21282	0.0004229
all	3903	8	21282	0.0003759
all	3904	13	21282	0.0006108
all	3905	10	21282	0.0004699
all	3906	13	21282	0.0006108
all	3907	12	21282	0.0005639
all	3908	12	21282	0.0005639
all	3909	13	21282	0.0006108
all	3910	14	21282	0.0006578
all	3911	9	21282	0.0004229
all	3912	12	21282	0.0005639
all	3913	8	21282	0.0003759
all	3914	12	21282	0.0005639
all	3915	8	21282	0.0003759
all	3916	13	21282	0.0006108
all	3917	13	21282	0.0006108
all	3918	12	21282	0.0005639
all	3919	14	21282	0.0006578
all	3920	11	21282	0.0005169
all	3921	17	21282	0.0007988
all	3922	8	21282	0.0003759
all	3923	11	21282	0.0005169
all	3924	12	21282	0.0005639
all	3925	13	21282	0.0006108
all	3926	11	21282	0.0005169
all	3927	14	21282	0.0006578
all	3928	23	21282	0.0010807
all	3929	15	21282	0.0007048
all	3930	9	21282	0.0004229
all	3931	16	21282	0.0007518
all	3932	15	21282	0.0007048
all	3933	18	21282	0.0008458
all	3934	13	21282	0.0006108
all	3935	6	21282	0.0002819
all	3936	17	21282	0.0007988
all	3937	14	21282	0.0006578
all	3938	10	21282	0.0004699
all	3939	14	21282	0.0006578
all	3940	10	21282	0.0004699
all	3941	11	21282	0.0005169
all	3942	12	21282	0.0005639
all	3943	16	21282	0.0007518
all	3944	8	21282	0.0003759
all	3945	11	21282	0.0005169
all	3946	14	21282	0.0006578
all	3947	13	21282	0.0006108
all	3948	21	21282	0.0009867
all	3949	10	21282	0.0004699
all	3950	9	21282	0.0004229
all	3951	11	21282	0.0005169
all	3952	14	21282	0.0006578
all	3953	3	21282	0.0001410
all	3954	11	21282	0.0005169
all	3955	13	21282	0.0006108
all	3956	11	21282	0.0005169
all	3957	15	21282	0.0007048
all	3958	9	21282	0.0004229
all	3959	19	21282	0.0008928
all	3960	7	21282	0.0003289
all	3961	11	21282	0.0005169
all	3962	10	21282	0.0004699
all	3963	10	21282	0.0004699
all	3964	17	21282	0.0007988
all	3965	10	21282	0.0004699
all	3966	9	21282	0.0004229
all	3967	17	21282	0.0007988
all	3968	16	21282	0.0007518
all	3969	9	21282	0.0004229
all	3970	8	21282	0.0003759
all	3971	15	21282	0.0007048
all	3972	11	21282	0.0005169
all	3973	9	21282	0.0004229
all	3974	8	21282	0.0003759
all	3975	13	21282	0.0006108
all	3976	11	21282	0.0005169
all	3977	13	21282	0.0006108
all	3978	13	21282	0.0006108
all	3979	14	21282	0.0006578
all	3980	10	21282	0.0004699
all	3981	12	21282	0.0005639
all	3982	13	21282	0.0006108
all	3983	14	21282	0.0006578
all	3984	9	21282	0.0004229
all	3985	21	21282	0.0009867
all	3986	15	21282	0.0007048
all	3987	9	21282	0.0004229
all	3988	10	21282	0.0004699
all	3989	13	21282	0.0006108
all	3990	8	21282	0.0003759
all	3991	8	21282	0.0003759
all	3992	12	21282	0.0005639
all	3993	13	21282	0.0006108
all	3994	12	21282	0.0005639
all	3995	12	21282	0.0005639
all	3996	9	21282	0.0004229
all	3997	14	21282	0.0006578
all	3998	12	21282	0.0005639
all	3999	13	21282	0.0006108
all	4000	17	21282	0.0007988
all	4001	13	21282	0.0006108
all	4002	11	21282	0.0005169
all	4003	7	21282	0.0003289
all	4004	15	21282	0.0007048
all	4005	8	21282	0.0003759
all	4006	12	21282	0.0005639
all	4007	14	21282	0.0006578
all	4008	18	21282	0.0008458
all	4009	10	21282	0.0004699
all	4010	17	21282	0.0007988
all	4011	11	21282	0.0005169
all	4012	14	21282	0.0006578
all	4013	9	21282	0.0004229
all	4014	15	21282	0.0007048
all	4015	9	21282	0.0004229
all	4016	17	21282	0.0007988
all	4017	14	21282	0.0006578
all	4018	12	21282	0.0005639
all	4019	18	21282	0.0008458
all	4020	14	21282	0.0006578
all	4021	12	21282	0.0005639
all	4022	13	21282	0.0006108
all	4023	19	21282	0.0008928
all	4024	20	21282	0.0009398
all	4025	13	21282	0.0006108
all	4026	12	21282	0.0005639
all	4027	7	21282	0.0003289
all	4028	15	21282	0.0007048
all	4029	16	21282	0.0007518
all	4030	8	21282	0.0003759
all	4031	15	21282	0.0007048
all	4032	15	21282	0.0007048
all	4033	11	21282	0.0005169
all	4034	4	21282	0.0001880
all	4035	12	21282	0.0005639
all	4036	11	21282	0.0005169
all	4037	7	21282	0.0003289
all	4038	11	21282	0.0005169
all	4039	12	21282	0.0005639
all	4040	16	21282	0.0007518
all	4041	8	21282	0.0003759
all	4042	12	21282	0.0005639
all	4043	11	21282	0.0005169
all	4044	20	21282	0.0009398
all	4045	17	21282	0.0007988
all	4046	19	21282	0.0008928
all	4047	9	21282	0.0004229
all	4048	13	21282	0.0006108
all	4049	14	21282	0.0006578
all	4050	10	21282	0.0004699
all	4051	16	21282	0.0007518
all	4052	11	21282	0.0005169
all	4053	10	21282	0.0004699
all	4054	11	21282	0.0005169
all	4055	9	21282	0.0004229
all	4056	15	21282	0.0007048
all	4057	11	21282	0.0005169
all	4058	18	21282	0.0008458
all	4059	11	21282	0.0005169
all	4060	14	21282	0.0006578
all	4061	8	21282	0.0003759
all	4062	8	21282	0.0003759
all	4063	14	21282	0.0006578
all	4064	14	21282	0.0006578
all	4065	20	21282	0.0009398
all	4066	4	21282	0.0001880
all	4067	14	21282	0.0006578
all	4068	13	21282	0.0006108
all	4069	15	21282	0.0007048
all	4070	12	21282	0.0005639
all	4071	13	21282	0.0006108
all	4072	11	21282	0.0005169
all	4073	9	21282	0.0004229
all	4074	17	21282	0.0007988
all	4075	12	21282	0.0005639
all	4076	17	21282	0.0007988
all	4077	20	21282	0.0009398
all	4078	14	21282	0.0006578
all	4079	7	21282	0.0003289
all	4080	14	21282	0.0006578
all	4081	11	21282	0.0005169
all	4082	10	21282	0.0004699
all	4083	13	21282	0.0006108
all	4084	13	21282	0.0006108
all	4085	14	21282	0.0006578
all	4086	15	21282	0.0007048
all	4087	22	21282	0.0010337
all	4088	14	21282	0.0006578
all	4089	20	21282	0.0009398
all	4090	10	21282	0.0004699
all	4091	11	21282	0.0005169
all	4092	9	21282	0.0004229
all	4093	19	21282	0.0008928
all	4094	9	21282	0.0004229
all	4095	9	21282	0.0004229
all	4096	13	21282	0.0006108
all	4097	15	21282	0.0007048
all	4098	14	21282	0.0006578
all	4099	23	21282	0.0010807
all	4100	14	21282	0.0006578
all	4101	12	21282	0.0005639
all	4102	10	21282	0.0004699
all	4103	14	21282	0.0006578
all	4104	13	21282	0.0006108
all	4105	16	21282	0.0007518
all	4106	10	21282	0.0004699
all	4107	15	21282	0.0007048
all	4108	12	21282	0.0005639
all	4109	12	21282	0.0005639
all	4110	16	21282	0.0007518
all	4111	9	21282	0.0004229
all	4112	16	21282	0.0007518
all	4113	9	21282	0.0004229
all	4114	12	21282	0.0005639
all	4115	13	21282	0.0006108
all	4116	11	21282	0.0005169
all	4117	12	21282	0.0005639
all	4118	10	21282	0.0004699
all	4119	11	21282	0.0005169
all	4120	13	21282	0.0006108
all	4121	8	21282	0.0003759
all	4122	15	21282	0.0007048
all	4123	9	21282	0.0004229
all	4124	12	21282	0.0005639
all	4125	6	21282	0.0002819
all	4126	8	21282	0.0003759
all	4127	7	21282	0.0003289
all	4128	13	21282	0.0006108
all	4129	17	21282	0.0007988
all	4130	10	21282	0.0004699
all	4131	12	21282	0.0005639
all	4132	12	21282	0.0005639
all	4133	11	21282	0.0005169
all	4134	7	21282	0.0003289
all	4135	9	21282	0.0004229
all	4136	12	21282	0.0005639
all	4137	11	21282	0.0005169
all	4138	9	21282	0.0004229
all	4139	18	21282	0.0008458
all	4140	6	21282	0.0002819
all	4141	17	21282	0.0007988
all	4142	12	21282	0.0005639
all	4143	6	21282	0.0002819
all	4144	10	21282	0.0004699
all	4145	7	21282	0.0003289
all	4146	14	21282	0.0006578
all	4147	7	21282	0.0003289
all	4148	13	21282	0.0006108
all	4149	12	21282	0.0005639
all	4150	10	21282	0.0004699
all	4151	10	21282	0.0004699
all	4152	13	21282	0.0006108
all	4153	6	21282	0.0002819
all	4154	15	21282	0.0007048
all	4155	10	21282	0.0004699
all	4156	12	21282	0.0005639
all	4157	10	21282	0.0004699
all	4158	9	21282	0.0004229
all	4159	13	21282	0.0006108
all	4160	15	21282	0.0007048
all	4161	11	21282	0.0005169
all	4162	13	21282	0.0006108
all	4163	7	21282	0.0003289
all	4164	15	21282	0.0007048
all	4165	7	21282	0.0003289
all	4166	12	21282	0.0005639
all	4167	16	21282	0.0007518
all	4168	7	21282	0.0003289
all	4169	6	21282	0.0002819
all	4170	12	21282	0.0005639
all	4171	12	21282	0.0005639
all	4172	13	21282	0.0006108
all	4173	7	21282	0.0003289
all	4174	5	21282	0.0002349
all	4175	6	21282	0.0002819
all	4176	10	21282	0.0004699
all	4177	10	21282	0.0004699
all	4178	11	21282	0.0005169
all	4179	9	21282	0.0004229
all	4180	8	21282	0.0003759
all	4181	10	21282	0.0004699
all	4182	5	21282	0.0002349
all	4183	11	21282	0.0005169
all	4184	14	21282	0.0006578
all	4185	9	21282	0.0004229
all	4186	14	21282	0.0006578
all	4187	8	21282	0.0003759
all	4188	9	21282	0.0004229
all	4189	8	21282	0.0003759
all	4190	15	21282	0.0007048
all	4191	5	21282	0.0002349
all	4192	13	21282	0.0006108
all	4193	14	21282	0.0006578
all	4194	12	21282	0.0005639
all	4195	12	21282	0.0005639
all	4196	9	21282	0.0004229
all	4197	18	21282	0.0008458
all	4198	12	21282	0.0005639
all	4199	6	21282	0.0002819
all	4200	9	21282	0.0004229
all	4201	12	21282	0.0005639
all	4202	9	21282	0.0004229
all	4203	6	21282	0.0002819
all	4204	13	21282	0.0006108
all	4205	8	21282	0.0003759
all	4206	11	21282	0.0005169
all	4207	17	21282	0.0007988
all	4208	8	21282	0.0003759
all	4209	8	21282	0.0003759
all	4210	11	21282	0.0005169
all	4211	9	21282	0.0004229
all	4212	12	21282	0.0005639
all	4213	10	21282	0.0004699
all	4214	8	21282	0.0003759
all	4215	11	21282	0.0005169
all	4216	13	21282	0.0006108
all	4217	5	21282	0.0002349
all	4218	11	21282	0.0005169
all	4219	8	21282	0.0003759
all	4220	7	21282	0.0003289
all	4221	8	21282	0.0003759
all	4222	13	21282	0.0006108
all	4223	9	21282	0.0004229
all	4224	13	21282	0.0006108
all	4225	8	21282	0.0003759
all	4226	8	21282	0.0003759
all	4227	7	21282	0.0003289
all	4228	10	21282	0.0004699
all	4229	10	21282	0.0004699
all	4230	10	21282	0.0004699
all	4231	7	21282	0.0003289
all	4232	9	21282	0.0004229
all	4233	12	21282	0.0005639
all	4234	9	21282	0.0004229
all	4235	9	21282	0.0004229
all	4236	9	21282	0.0004229
all	4237	8	21282	0.0003759
all	4238	9	21282	0.0004229
all	4239	8	21282	0.0003759
all	4240	4	21282	0.0001880
all	4241	13	21282	0.0006108
all	4242	9	21282	0.0004229
all	4243	10	21282	0.0004699
all	4244	7	21282	0.0003289
all	4245	8	21282	0.0003759
all	4246	15	21282	0.0007048
all	4247	10	21282	0.0004699
all	4248	8	21282	0.0003759
all	4249	6	21282	0.0002819
all	4250	8	21282	0.0003759
all	4251	8	21282	0.0003759
all	4252	9	21282	0.0004229
all	4253	11	21282	0.0005169
all	4254	10	21282	0.0004699
all	4255	13	21282	0.0006108
all	4256	10	21282	0.0004699
all	4257	14	21282	0.0006578
all	4258	3	21282	0.0001410
all	4259	9	21282	0.0004229
all	4260	9	21282	0.0004229
all	4261	8	21282	0.0003759
all	4262	10	21282	0.0004699
all	4263	6	21282	0.0002819
all	4264	11	21282	0.0005169
all	4265	7	21282	0.0003289
all	4266	6	21282	0.0002819
all	4267	5	21282	0.0002349
all	4268	9	21282	0.0004229
all	4269	10	21282	0.0004699
all	4270	9	21282	0.0004229
all	4271	7	21282	0.0003289
all	4272	10	21282	0.0004699
all	4273	14	21282	0.0006578
all	4274	15	21282	0.0007048
all	4275	7	21282	0.0003289
all	4276	12	21282	0.0005639
all	4277	11	21282	0.0005169
all	4278	8	21282	0.0003759
all	4279	6	21282	0.0002819
all	4280	11	21282	0.0005169
all	4281	13	21282	0.0006108
all	4282	7	21282	0.0003289
all	4283	7	21282	0.0003289
all	4284	6	21282	0.0002819
all	4285	9	21282	0.0004229
all	4286	2	21282	0.0000940
all	4287	5	21282	0.0002349
all	4288	12	21282	0.0005639
all	4289	3	21282	0.0001410
all	4290	6	21282	0.0002819
all	4291	12	21282	0.0005639
all	4292	7	21282	0.0003289
all	4293	11	21282	0.0005169
all	4294	13	21282	0.0006108
all	4295	11	21282	0.0005169
all	4296	8	21282	0.0003759
all	4297	9	21282	0.0004229
all	4298	6	21282	0.0002819
all	4299	4	21282	0.0001880
all	4300	14	21282	0.0006578
all	4301	10	21282	0.0004699
all	4302	14	21282	0.0006578
all	4303	5	21282	0.0002349
all	4304	11	21282	0.0005169
all	4305	10	21282	0.0004699
all	4306	14	21282	0.0006578
all	4307	13	21282	0.0006108
all	4308	6	21282	0.0002819
all	4309	13	21282	0.0006108
all	4310	13	21282	0.0006108
all	4311	10	21282	0.0004699
all	4312	6	21282	0.0002819
all	4313	13	21282	0.0006108
all	4314	14	21282	0.0006578
all	4315	9	21282	0.0004229
all	4316	5	21282	0.0002349
all	4317	11	21282	0.0005169
all	4318	12	21282	0.0005639
all	4319	10	21282	0.0004699
all	4320	11	21282	0.0005169
all	4321	7	21282	0.0003289
all	4322	4	21282	0.0001880
all	4323	9	21282	0.0004229
all	4324	9	21282	0.0004229
all	4325	6	21282	0.0002819
all	4326	7	21282	0.0003289
all	4327	10	21282	0.0004699
all	4328	12	21282	0.0005639
all	4329	6	21282	0.0002819
all	4330	9	21282	0.0004229
all	4331	5	21282	0.0002349
all	4332	8	21282	0.0003759
all	4333	16	21282	0.0007518
all	4334	5	21282	0.0002349
all	4335	4	21282	0.0001880
all	4336	7	21282	0.0003289
all	4337	7	21282	0.0003289
all	4338	14	21282	0.0006578
all	4339	4	21282	0.0001880
all	4340	12	21282	0.0005639
all	4341	6	21282	0.0002819
all	4342	5	21282	0.0002349
all	4343	11	21282	0.0005169
all	4344	7	21282	0.0003289
all	4345	10	21282	0.0004699
all	4346	7	21282	0.0003289
all	4347	5	21282	0.0002349
all	4348	7	21282	0.0003289
all	4349	10	21282	0.0004699
all	4350	9	21282	0.0004229
all	4351	3	21282	0.0001410
all	4352	7	21282	0.0003289
all	4353	8	21282	0.0003759
all	4354	6	21282	0.0002819
all	4355	7	21282	0.0003289
all	4356	10	21282	0.0004699
all	4357	7	21282	0.0003289
all	4358	8	21282	0.0003759
all	4359	15	21282	0.0007048
all	4360	5	21282	0.0002349
all	4361	6	21282	0.0002819
all	4362	5	21282	0.0002349
all	4363	7	21282	0.0003289
all	4364	6	21282	0.0002819
all	4365	5	21282	0.0002349
all	4366	4	21282	0.0001880
all	4367	5	21282	0.0002349
all	4368	7	21282	0.0003289
all	4369	9	21282	0.0004229
all	4370	7	21282	0.0003289
all	4371	8	21282	0.0003759
all	4372	9	21282	0.0004229
all	4373	5	21282	0.0002349
all	4374	11	21282	0.0005169
all	4375	8	21282	0.0003759
all	4376	6	21282	0.0002819
all	4377	5	21282	0.0002349
all	4378	11	21282	0.0005169
all	4379	9	21282	0.0004229
all	4380	10	21282	0.0004699
all	4381	7	21282	0.0003289
all	4382	6	21282	0.0002819
all	4383	8	21282	0.0003759
all	4384	5	21282	0.0002349
all	4385	3	21282	0.0001410
all	4386	5	21282	0.0002349
all	4387	7	21282	0.0003289
all	4388	6	21282	0.0002819
all	4389	10	21282	0.0004699
all	4390	4	21282	0.0001880
all	4391	3	21282	0.0001410
all	4392	10	21282	0.0004699
all	4393	7	21282	0.0003289
all	4394	4	21282	0.0001880
all	4395	13	21282	0.0006108
all	4396	5	21282	0.0002349
all	4397	3	21282	0.0001410
all	4398	7	21282	0.0003289
all	4399	7	21282	0.0003289
all	4400	12	21282	0.0005639
all	4401	8	21282	0.0003759
all	4402	6	21282	0.0002819
all	4403	6	21282	0.0002819
all	4404	12	21282	0.0005639
all	4405	4	21282	0.0001880
all	4406	10	21282	0.0004699
all	4407	6	21282	0.0002819
all	4408	4	21282	0.0001880
all	4409	7	21282	0.0003289
all	4410	3	21282	0.0001410
all	4411	9	21282	0.0004229
all	4412	10	21282	0.0004699
all	4413	2	21282	0.0000940
all	4414	5	21282	0.0002349
all	4415	6	21282	0.0002819
all	4416	5	21282	0.0002349
all	4417	2	21282	0.0000940
all	4418	5	21282	0.0002349
all	4419	4	21282	0.0001880
all	4420	3	21282	0.0001410
all	4421	6	21282	0.0002819
all	4422	5	21282	0.0002349
all	4423	6	21282	0.0002819
all	4424	9	21282	0.0004229
all	4425	7	21282	0.0003289
all	4426	5	21282	0.0002349
all	4427	4	21282	0.0001880
all	4428	9	21282	0.0004229
all	4429	3	21282	0.0001410
all	4430	6	21282	0.0002819
all	4431	14	21282	0.0006578
all	4432	10	21282	0.0004699
all	4433	9	21282	0.0004229
all	4434	7	21282	0.0003289
all	4435	8	21282	0.0003759
all	4436	8	21282	0.0003759
all	4437	5	21282	0.0002349
all	4438	10	21282	0.0004699
all	4439	7	21282	0.0003289
all	4440	3	21282	0.0001410
all	4441	4	21282	0.0001880
all	4442	6	21282	0.0002819
all	4443	5	21282	0.0002349
all	4444	8	21282	0.0003759
all	4445	9	21282	0.0004229
all	4446	4	21282	0.0001880
all	4447	6	21282	0.0002819
all	4448	5	21282	0.0002349
all	4449	11	21282	0.0005169
all	4450	3	21282	0.0001410
all	4451	12	21282	0.0005639
all	4452	13	21282	0.0006108
all	4453	3	21282	0.0001410
all	4454	9	21282	0.0004229
all	4455	4	21282	0.0001880
all	4456	1	21282	0.0000470
all	4457	5	21282	0.0002349
all	4458	3	21282	0.0001410
all	4459	7	21282	0.0003289
all	4460	11	21282	0.0005169
all	4461	5	21282	0.0002349
all	4462	7	21282	0.0003289
all	4463	8	21282	0.0003759
all	4464	3	21282	0.0001410
all	4465	4	21282	0.0001880
all	4466	6	21282	0.0002819
all	4467	5	21282	0.0002349
all	4468	6	21282	0.0002819
all	4469	7	21282	0.0003289
all	4470	7	21282	0.0003289
all	4471	8	21282	0.0003759
all	4472	2	21282	0.0000940
all	4473	2	21282	0.0000940
all	4474	8	21282	0.0003759
all	4475	11	21282	0.0005169
all	4476	6	21282	0.0002819
all	4477	10	21282	0.0004699
all	4478	6	21282	0.0002819
all	4479	9	21282	0.0004229
all	4480	8	21282	0.0003759
all	4481	1	21282	0.0000470
all	4482	5	21282	0.0002349
all	4483	7	21282	0.0003289
all	4484	5	21282	0.0002349
all	4485	3	21282	0.0001410
all	4486	8	21282	0.0003759
all	4487	4	21282	0.0001880
all	4488	3	21282	0.0001410
all	4489	2	21282	0.0000940
all	4490	3	21282	0.0001410
all	4491	6	21282	0.0002819
all	4492	4	21282	0.0001880
all	4493	7	21282	0.0003289
all	4494	8	21282	0.0003759
all	4495	6	21282	0.0002819
all	4496	5	21282	0.0002349
all	4497	4	21282	0.0001880
all	4498	8	21282	0.0003759
all	4499	7	21282	0.0003289
all	4500	7	21282	0.0003289
all	4501	2	21282	0.0000940
all	4502	9	21282	0.0004229
all	4503	5	21282	0.0002349
all	4504	5	21282	0.0002349
all	4505	5	21282	0.0002349
all	4506	3	21282	0.0001410
all	4507	9	21282	0.0004229
all	4508	5	21282	0.0002349
all	4509	7	21282	0.0003289
all	4510	4	21282	0.0001880
all	4511	5	21282	0.0002349
all	4512	4	21282	0.0001880
all	4513	7	21282	0.0003289
all	4514	3	21282	0.0001410
all	4515	3	21282	0.0001410
all	4516	4	21282	0.0001880
all	4517	6	21282	0.0002819
all	4518	2	21282	0.0000940
all	4519	8	21282	0.0003759
all	4520	12	21282	0.0005639
all	4521	6	21282	0.0002819
all	4522	5	21282	0.0002349
all	4523	8	21282	0.0003759
all	4524	11	21282	0.0005169
all	4525	7	21282	0.0003289
all	4526	4	21282	0.0001880
all	4527	9	21282	0.0004229
all	4528	6	21282	0.0002819
all	4529	1	21282	0.0000470
all	4530	5	21282	0.0002349
all	4531	5	21282	0.0002349
all	4532	6	21282	0.0002819
all	4533	7	21282	0.0003289
all	4534	7	21282	0.0003289
all	4535	5	21282	0.0002349
all	4536	6	21282	0.0002819
all	4537	7	21282	0.0003289
all	4538	7	21282	0.0003289
all	4539	5	21282	0.0002349
all	4540	8	21282	0.0003759
all	4541	2	21282	0.0000940
all	4542	10	21282	0.0004699
all	4543	7	21282	0.0003289
all	4544	8	21282	0.0003759
all	4545	5	21282	0.0002349
all	4546	7	21282	0.0003289
all	4547	8	21282	0.0003759
all	4548	9	21282	0.0004229
all	4549	8	21282	0.0003759
all	4550	6	21282	0.0002819
all	4551	8	21282	0.0003759
all	4552	9	21282	0.0004229
all	4553	10	21282	0.0004699
all	4554	14	21282	0.0006578
all	4555	9	21282	0.0004229
all	4556	6	21282	0.0002819
all	4557	10	21282	0.0004699
all	4558	10	21282	0.0004699
all	4559	11	21282	0.0005169
all	4560	8	21282	0.0003759
all	4561	4	21282	0.0001880
all	4562	5	21282	0.0002349
all	4563	8	21282	0.0003759
all	4564	11	21282	0.0005169
all	4565	9	21282	0.0004229
all	4566	8	21282	0.0003759
all	4567	11	21282	0.0005169
all	4568	7	21282	0.0003289
all	4569	5	21282	0.0002349
all	4570	3	21282	0.0001410
all	4571	9	21282	0.0004229
all	4572	7	21282	0.0003289
all	4573	8	21282	0.0003759
all	4574	6	21282	0.0002819
all	4575	11	21282	0.0005169
all	4576	8	21282	0.0003759
all	4577	13	21282	0.0006108
all	4578	7	21282	0.0003289
all	4579	7	21282	0.0003289
all	4580	9	21282	0.0004229
all	4581	5	21282	0.0002349
all	4582	11	21282	0.0005169
all	4583	10	21282	0.0004699
all	4584	7	21282	0.0003289
all	4585	7	21282	0.0003289
all	4586	10	21282	0.0004699
all	4587	9	21282	0.0004229
all	4588	5	21282	0.0002349
all	4589	8	21282	0.0003759
all	4590	5	21282	0.0002349
all	4591	7	21282	0.0003289
all	4592	10	21282	0.0004699
all	4593	9	21282	0.0004229
all	4594	5	21282	0.0002349
all	4595	7	21282	0.0003289
all	4596	9	21282	0.0004229
all	4597	9	21282	0.0004229
all	4598	10	21282	0.0004699
all	4599	13	21282	0.0006108
all	4600	10	21282	0.0004699
all	4601	7	21282	0.0003289
all	4602	9	21282	0.0004229
all	4603	6	21282	0.0002819
all	4604	10	21282	0.0004699
all	4605	4	21282	0.0001880
all	4606	10	21282	0.0004699
all	4607	11	21282	0.0005169
all	4608	12	21282	0.0005639
all	4609	7	21282	0.0003289
all	4610	8	21282	0.0003759
all	4611	14	21282	0.0006578
all	4612	5	21282	0.0002349
all	4613	6	21282	0.0002819
all	4614	14	21282	0.0006578
all	4615	9	21282	0.0004229
all	4616	7	21282	0.0003289
all	4617	6	21282	0.0002819
all	4618	8	21282	0.0003759
all	4619	6	21282	0.0002819
all	4620	11	21282	0.0005169
all	4621	12	21282	0.0005639
all	4622	5	21282	0.0002349
all	4623	6	21282	0.0002819
all	4624	8	21282	0.0003759
all	4625	10	21282	0.0004699
all	4626	12	21282	0.0005639
all	4627	4	21282	0.0001880
all	4628	7	21282	0.0003289
all	4629	4	21282	0.0001880
all	4630	7	21282	0.0003289
all	4631	7	21282	0.0003289
all	4632	8	21282	0.0003759
all	4633	8	21282	0.0003759
all	4634	14	21282	0.0006578
all	4635	8	21282	0.0003759
all	4636	7	21282	0.0003289
all	4637	8	21282	0.0003759
all	4638	9	21282	0.0004229
all	4639	10	21282	0.0004699
all	4640	9	21282	0.0004229
all	4641	14	21282	0.0006578
all	4642	9	21282	0.0004229
all	4643	7	21282	0.0003289
all	4644	6	21282	0.0002819
all	4645	14	21282	0.0006578
all	4646	6	21282	0.0002819
all	4647	9	21282	0.0004229
all	4648	12	21282	0.0005639
all	4649	9	21282	0.0004229
all	4650	5	21282	0.0002349
all	4651	4	21282	0.0001880
all	4652	6	21282	0.0002819
all	4653	9	21282	0.0004229
all	4654	8	21282	0.0003759
all	4655	6	21282	0.0002819
all	4656	6	21282	0.0002819
all	4657	14	21282	0.0006578
all	4658	6	21282	0.0002819
all	4659	6	21282	0.0002819
all	4660	8	21282	0.0003759
all	4661	5	21282	0.0002349
all	4662	6	21282	0.0002819
all	4663	6	21282	0.0002819
all	4664	8	21282	0.0003759
all	4665	6	21282	0.0002819
all	4666	8	21282	0.0003759
all	4667	7	21282	0.0003289
all	4668	7	21282	0.0003289
all	4669	7	21282	0.0003289
all	4670	10	21282	0.0004699
all	4671	9	21282	0.0004229
all	4672	8	21282	0.0003759
all	4673	5	21282	0.0002349
all	4674	10	21282	0.0004699
all	4675	7	21282	0.0003289
all	4676	6	21282	0.0002819
all	4677	5	21282	0.0002349
all	4678	13	21282	0.0006108
all	4679	8	21282	0.0003759
all	4680	11	21282	0.0005169
all	4681	6	21282	0.0002819
all	4682	9	21282	0.0004229
all	4683	6	21282	0.0002819
all	4684	10	21282	0.0004699
all	4685	5	21282	0.0002349
all	4686	10	21282	0.0004699
all	4687	11	21282	0.0005169
all	4688	5	21282	0.0002349
all	4689	7	21282	0.0003289
all	4690	9	21282	0.0004229
all	4691	7	21282	0.0003289
all	4692	9	21282	0.0004229
all	4693	7	21282	0.0003289
all	4694	6	21282	0.0002819
all	4695	7	21282	0.0003289
all	4696	9	21282	0.0004229
all	4697	7	21282	0.0003289
all	4698	15	21282	0.0007048
all	4699	2	21282	0.0000940
all	4700	4	21282	0.0001880
all	4701	3	21282	0.0001410
all	4702	5	21282	0.0002349
all	4703	9	21282	0.0004229
all	4704	6	21282	0.0002819
all	4705	8	21282	0.0003759
all	4706	7	21282	0.0003289
all	4707	6	21282	0.0002819
all	4708	9	21282	0.0004229
all	4709	4	21282	0.0001880
all	4710	12	21282	0.0005639
all	4711	5	21282	0.0002349
all	4712	10	21282	0.0004699
all	4713	7	21282	0.0003289
all	4714	9	21282	0.0004229
all	4715	18	21282	0.0008458
all	4716	7	21282	0.0003289
all	4717	5	21282	0.0002349
all	4718	11	21282	0.0005169
all	4719	7	21282	0.0003289
all	4720	7	21282	0.0003289
all	4721	6	21282	0.0002819
all	4722	7	21282	0.0003289
all	4723	12	21282	0.0005639
all	4724	8	21282	0.0003759
all	4725	5	21282	0.0002349
all	4726	11	21282	0.0005169
all	4727	13	21282	0.0006108
all	4728	13	21282	0.0006108
all	4729	16	21282	0.0007518
all	4730	7	21282	0.0003289
all	4731	3	21282	0.0001410
all	4732	10	21282	0.0004699
all	4733	10	21282	0.0004699
all	4734	11	21282	0.0005169
all	4735	10	21282	0.0004699
all	4736	7	21282	0.0003289
all	4737	8	21282	0.0003759
all	4738	5	21282	0.0002349
all	4739	9	21282	0.0004229
all	4740	7	21282	0.0003289
all	4741	10	21282	0.0004699
all	4742	12	21282	0.0005639
all	4743	6	21282	0.0002819
all	4744	6	21282	0.0002819
all	4745	7	21282	0.0003289
all	4746	11	21282	0.0005169
all	4747	8	21282	0.0003759
all	4748	13	21282	0.0006108
all	4749	6	21282	0.0002819
all	4750	14	21282	0.0006578
all	4751	5	21282	0.0002349
all	4752	9	21282	0.0004229
all	4753	9	21282	0.0004229
all	4754	10	21282	0.0004699
all	4755	1	21282	0.0000470
all	4756	7	21282	0.0003289
all	4757	7	21282	0.0003289
all	4758	4	21282	0.0001880
all	4759	6	21282	0.0002819
all	4760	3	21282	0.0001410
all	4761	5	21282	0.0002349
all	4762	10	21282	0.0004699
all	4763	13	21282	0.0006108
all	4764	13	21282	0.0006108
all	4765	9	21282	0.0004229
all	4766	13	21282	0.0006108
all	4767	7	21282	0.0003289
all	4768	8	21282	0.0003759
all	4769	9	21282	0.0004229
all	4770	7	21282	0.0003289
all	4771	7	21282	0.0003289
all	4772	8	21282	0.0003759
all	4773	6	21282	0.0002819
all	4774	6	21282	0.0002819
all	4775	7	21282	0.0003289
all	4776	3	21282	0.0001410
all	4777	7	21282	0.0003289
all	4778	7	21282	0.0003289
all	4779	6	21282	0.0002819
all	4780	12	21282	0.0005639
all	4781	7	21282	0.0003289
all	4782	5	21282	0.0002349
all	4783	4	21282	0.0001880
all	4784	11	21282	0.0005169
all	4785	11	21282	0.0005169
all	4786	7	21282	0.0003289
all	4787	2	21282	0.0000940
all	4788	6	21282	0.0002819
all	4789	7	21282	0.0003289
all	4790	6	21282	0.0002819
all	4791	10	21282	0.0004699
all	4792	10	21282	0.0004699
all	4793	6	21282	0.0002819
all	4794	6	21282	0.0002819
all	4795	5	21282	0.0002349
all	4796	7	21282	0.0003289
all	4797	6	21282	0.0002819
all	4798	6	21282	0.0002819
all	4799	5	21282	0.0002349
all	4800	6	21282	0.0002819
all	4801	5	21282	0.0002349
all	4802	6	21282	0.0002819
all	4803	6	21282	0.0002819
all	4804	6	21282	0.0002819
all	4805	5	21282	0.0002349
all	4806	6	21282	0.0002819
all	4807	10	21282	0.0004699
all	4808	5	21282	0.0002349
all	4809	4	21282	0.0001880
all	4810	5	21282	0.0002349
all	4811	6	21282	0.0002819
all	4812	6	21282	0.0002819
all	4813	6	21282	0.0002819
all	4814	6	21282	0.0002819
all	4815	9	21282	0.0004229
all	4816	7	21282	0.0003289
all	4817	4	21282	0.0001880
all	4818	8	21282	0.0003759
all	4819	8	21282	0.0003759
all	4820	6	21282	0.0002819
all	4821	4	21282	0.0001880
all	4822	4	21282	0.0001880
all	4823	6	21282	0.0002819
all	4824	10	21282	0.0004699
all	4825	5	21282	0.0002349
all	4826	7	21282	0.0003289
all	4827	5	21282	0.0002349
all	4828	4	21282	0.0001880
all	4829	7	21282	0.0003289
all	4830	4	21282	0.0001880
all	4831	6	21282	0.0002819
all	4832	4	21282	0.0001880
all	4833	9	21282	0.0004229
all	4834	4	21282	0.0001880
all	4835	4	21282	0.0001880
all	4836	4	21282	0.0001880
all	4837	8	21282	0.0003759
all	4838	3	21282	0.0001410
all	4840	6	21282	0.0002819
all	4841	6	21282	0.0002819
all	4842	2	21282	0.0000940
all	4843	4	21282	0.0001880
all	4844	2	21282	0.0000940
all	4845	6	21282	0.0002819
all	4846	7	21282	0.0003289
all	4847	4	21282	0.0001880
all	4848	3	21282	0.0001410
all	4849	6	21282	0.0002819
all	4850	4	21282	0.0001880
all	4851	2	21282	0.0000940
all	4852	3	21282	0.0001410
all	4853	3	21282	0.0001410
all	4854	5	21282	0.0002349
all	4855	7	21282	0.0003289
all	4856	6	21282	0.0002819
all	4857	1	21282	0.0000470
all	4858	2	21282	0.0000940
all	4859	3	21282	0.0001410
all	4860	3	21282	0.0001410
all	4861	7	21282	0.0003289
all	4862	3	21282	0.0001410
all	4863	5	21282	0.0002349
all	4864	12	21282	0.0005639
all	4865	4	21282	0.0001880
all	4866	7	21282	0.0003289
all	4867	6	21282	0.0002819
all	4868	5	21282	0.0002349
all	4869	5	21282	0.0002349
all	4870	2	21282	0.0000940
all	4871	6	21282	0.0002819
all	4872	2	21282	0.0000940
all	4873	6	21282	0.0002819
all	4874	7	21282	0.0003289
all	4875	2	21282	0.0000940
all	4876	4	21282	0.0001880
all	4877	4	21282	0.0001880
all	4878	6	21282	0.0002819
all	4879	7	21282	0.0003289
all	4880	9	21282	0.0004229
all	4881	2	21282	0.0000940
all	4882	3	21282	0.0001410
all	4883	6	21282	0.0002819
all	4884	3	21282	0.0001410
all	4885	3	21282	0.0001410
all	4886	3	21282	0.0001410
all	4887	5	21282	0.0002349
all	4888	6	21282	0.0002819
all	4889	3	21282	0.0001410
all	4890	8	21282	0.0003759
all	4891	3	21282	0.0001410
all	4892	6	21282	0.0002819
all	4893	1	21282	0.0000470
all	4894	4	21282	0.0001880
all	4895	2	21282	0.0000940
all	4896	2	21282	0.0000940
all	4897	5	21282	0.0002349
all	4898	6	21282	0.0002819
all	4899	3	21282	0.0001410
all	4900	4	21282	0.0001880
all	4901	6	21282	0.0002819
all	4902	4	21282	0.0001880
all	4903	4	21282	0.0001880
all	4904	4	21282	0.0001880
all	4905	1	21282	0.0000470
all	4906	3	21282	0.0001410
all	4907	5	21282	0.0002349
all	4908	7	21282	0.0003289
all	4909	5	21282	0.0002349
all	4910	2	21282	0.0000940
all	4911	4	21282	0.0001880
all	4912	3	21282	0.0001410
all	4913	2	21282	0.0000940
all	4914	5	21282	0.0002349
all	4915	5	21282	0.0002349
all	4916	4	21282	0.0001880
all	4917	2	21282	0.0000940
all	4918	3	21282	0.0001410
all	4919	3	21282	0.0001410
all	4920	8	21282	0.0003759
all	4921	2	21282	0.0000940
all	4922	2	21282	0.0000940
all	4923	4	21282	0.0001880
all	4924	7	21282	0.0003289
all	4925	4	21282	0.0001880
all	4926	6	21282	0.0002819
all	4927	3	21282	0.0001410
all	4928	7	21282	0.0003289
all	4929	5	21282	0.0002349
all	4930	5	21282	0.0002349
all	4931	5	21282	0.0002349
all	4932	9	21282	0.0004229
all	4933	10	21282	0.0004699
all	4934	6	21282	0.0002819
all	4935	4	21282	0.0001880
all	4936	1	21282	0.0000470
all	4937	8	21282	0.0003759
all	4938	9	21282	0.0004229
all	4939	4	21282	0.0001880
all	4940	1	21282	0.0000470
all	4941	7	21282	0.0003289
all	4942	3	21282	0.0001410
all	4943	9	21282	0.0004229
all	4944	2	21282	0.0000940
all	4945	10	21282	0.0004699
all	4946	8	21282	0.0003759
all	4947	4	21282	0.0001880
all	4948	3	21282	0.0001410
all	4949	4	21282	0.0001880
all	4950	7	21282	0.0003289
all	4951	3	21282	0.0001410
all	4952	5	21282	0.0002349
all	4953	3	21282	0.0001410
all	4954	4	21282	0.0001880
all	4955	6	21282	0.0002819
all	4956	4	21282	0.0001880
all	4957	8	21282	0.0003759
all	4958	6	21282	0.0002819
all	4959	9	21282	0.0004229
all	4960	2	21282	0.0000940
all	4961	3	21282	0.0001410
all	4962	8	21282	0.0003759
all	4963	6	21282	0.0002819
all	4964	6	21282	0.0002819
all	4965	5	21282	0.0002349
all	4966	7	21282	0.0003289
all	4967	5	21282	0.0002349
all	4968	3	21282	0.0001410
all	4969	5	21282	0.0002349
all	4970	6	21282	0.0002819
all	4971	4	21282	0.0001880
all	4972	4	21282	0.0001880
all	4973	5	21282	0.0002349
all	4974	4	21282	0.0001880
all	4975	8	21282	0.0003759
all	4976	8	21282	0.0003759
all	4977	3	21282	0.0001410
all	4978	6	21282	0.0002819
all	4979	5	21282	0.0002349
all	4980	3	21282	0.0001410
all	4981	3	21282	0.0001410
all	4982	5	21282	0.0002349
all	4983	6	21282	0.0002819
all	4984	5	21282	0.0002349
all	4985	4	21282	0.0001880
all	4986	2	21282	0.0000940
all	4987	4	21282	0.0001880
all	4988	6	21282	0.0002819
all	4989	1	21282	0.0000470
all	4990	2	21282	0.0000940
all	4991	2	21282	0.0000940
all	4992	2	21282	0.0000940
all	4993	2	21282	0.0000940
all	4994	6	21282	0.0002819
all	4995	1	21282	0.0000470
all	4996	3	21282	0.0001410
all	4997	4	21282	0.0001880
all	4998	3	21282	0.0001410
all	4999	3	21282	0.0001410
all	5000	2	21282	0.0000940
all	5001	3	21282	0.0001410
all	5002	5	21282	0.0002349
all	5003	1	21282	0.0000470
all	5004	3	21282	0.0001410
all	5005	5	21282	0.0002349
all	5007	3	21282	0.0001410
all	5008	5	21282	0.0002349
all	5009	4	21282	0.0001880
all	5010	3	21282	0.0001410
all	5011	1	21282	0.0000470
all	5012	4	21282	0.0001880
all	5013	1	21282	0.0000470
all	5014	3	21282	0.0001410
all	5015	1	21282	0.0000470
all	5016	7	21282	0.0003289
all	5017	1	21282	0.0000470
all	5018	2	21282	0.0000940
all	5019	2	21282	0.0000940
all	5021	3	21282	0.0001410
all	5023	2	21282	0.0000940
all	5024	1	21282	0.0000470
all	5025	4	21282	0.0001880
all	5026	2	21282	0.0000940
all	5027	5	21282	0.0002349
all	5028	2	21282	0.0000940
all	5029	3	21282	0.0001410
all	5030	2	21282	0.0000940
all	5031	2	21282	0.0000940
all	5032	1	21282	0.0000470
all	5033	1	21282	0.0000470
all	5034	2	21282	0.0000940
all	5035	1	21282	0.0000470
all	5036	1	21282	0.0000470
all	5039	1	21282	0.0000470
all	5041	3	21282	0.0001410
all	5042	1	21282	0.0000470
all	5044	1	21282	0.0000470
all	5045	1	21282	0.0000470
all	5046	1	21282	0.0000470
all	5047	1	21282	0.0000470
all	5048	1	21282	0.0000470
all	5051	1	21282	0.0000470
all	5052	1	21282	0.0000470
all	5054	2	21282	0.0000940
all	5057	2	21282	0.0000940
all	5058	2	21282	0.0000940
all	5059	1	21282	0.0000470
all	5061	2	21282	0.0000940
all	5063	1	21282	0.0000470
all	5064	2	21282	0.0000940
all	5066	1	21282	0.0000470
all	5067	2	21282	0.0000940
all	5068	1	21282	0.0000470
all	5069	1	21282	0.0000470
all	5070	1	21282	0.0000470
all	5072	1	21282	0.0000470
all	5074	1	21282	0.0000470
all	5075	1	21282	0.0000470
all	5076	2	21282	0.0000940
all	5077	1	21282	0.0000470
all	5079	1	21282	0.0000470
all	5081	2	21282	0.0000940
all	5082	1	21282	0.0000470
all	5083	2	21282	0.0000940
all	5084	1	21282	0.0000470
all	5085	1	21282	0.0000470
all	5086	1	21282	0.0000470
all	5087	1	21282	0.0000470
all	5088	3	21282	0.0001410
all	5089	1	21282	0.0000470
all	5091	1	21282	0.0000470
all	5092	1	21282	0.0000470
all	5093	1	21282	0.0000470
all	5094	4	21282	0.0001880
all	5095	1	21282	0.0000470
all	5097	1	21282	0.0000470
all	5098	3	21282	0.0001410
all	5099	2	21282	0.0000940
all	5101	1	21282	0.0000470
all	5103	1	21282	0.0000470
all	5105	1	21282	0.0000470
all	5106	2	21282	0.0000940
all	5107	1	21282	0.0000470
all	5108	2	21282	0.0000940
all	5109	2	21282	0.0000940
all	5111	1	21282	0.0000470
all	5112	2	21282	0.0000940
all	5113	1	21282	0.0000470
all	5114	1	21282	0.0000470
all	5115	1	21282	0.0000470
all	5116	2	21282	0.0000940
all	5117	2	21282	0.0000940
all	5118	1	21282	0.0000470
all	5120	1	21282	0.0000470
all	5121	1	21282	0.0000470
all	5124	1	21282	0.0000470
all	5126	1	21282	0.0000470
all	5127	2	21282	0.0000940
all	5128	1	21282	0.0000470
all	5132	1	21282	0.0000470
all	5135	1	21282	0.0000470
all	5140	1	21282	0.0000470
all	5142	4	21282	0.0001880
all	5143	1	21282	0.0000470
all	5144	1	21282	0.0000470
all	5145	2	21282	0.0000940
all	5146	1	21282	0.0000470
all	5148	1	21282	0.0000470
all	5152	1	21282	0.0000470
all	5153	1	21282	0.0000470
all	5156	3	21282	0.0001410
all	5157	2	21282	0.0000940
all	5158	1	21282	0.0000470
all	5159	2	21282	0.0000940
all	5160	1	21282	0.0000470
all	5161	2	21282	0.0000940
all	5162	1	21282	0.0000470
all	5166	1	21282	0.0000470
all	5167	1	21282	0.0000470
all	5168	2	21282	0.0000940
all	5169	1	21282	0.0000470
all	5170	2	21282	0.0000940
all	5171	1	21282	0.0000470
all	5173	1	21282	0.0000470
all	5174	3	21282	0.0001410
all	5175	1	21282	0.0000470
all	5177	1	21282	0.0000470
all	5179	1	21282	0.0000470
all	5180	1	21282	0.0000470
all	5181	1	21282	0.0000470
all	5182	2	21282	0.0000940
all	5184	1	21282	0.0000470
all	5189	2	21282	0.0000940
all	5190	1	21282	0.0000470
all	5191	1	21282	0.0000470
all	5195	1	21282	0.0000470
all	5196	1	21282	0.0000470
all	5197	1	21282	0.0000470
all	5198	2	21282	0.0000940
all	5199	1	21282	0.0000470
all	5203	1	21282	0.0000470
all	5204	1	21282	0.0000470
all	5207	2	21282	0.0000940
all	5212	1	21282	0.0000470
all	5213	1	21282	0.0000470
all	5216	1	21282	0.0000470
all	5218	2	21282	0.0000940
all	5221	1	21282	0.0000470
all	5251	1	21282	0.0000470
all	5253	1	21282	0.0000470
all	5254	2	21282	0.0000940
all	5259	1	21282	0.0000470
all	5261	1	21282	0.0000470
all	5282	1	21282	0.0000470
all	5290	1	21282	0.0000470
all	5293	1	21282	0.0000470
all	5301	1	21282	0.0000470
all	5322	1	21282	0.0000470
