all	771	1	21282	0.0000470
all	777	1	21282	0.0000470
all	783	2	21282	0.0000940
all	792	1	21282	0.0000470
all	796	1	21282	0.0000470
all	798	1	21282	0.0000470
all	814	1	21282	0.0000470
all	823	1	21282	0.0000470
all	831	2	21282	0.0000940
all	833	1	21282	0.0000470
all	844	2	21282	0.0000940
all	846	2	21282	0.0000940
all	858	1	21282	0.0000470
all	869	1	21282	0.0000470
all	872	1	21282	0.0000470
all	878	1	21282	0.0000470
all	887	1	21282	0.0000470
all	888	1	21282	0.0000470
all	889	1	21282	0.0000470
all	892	1	21282	0.0000470
all	897	2	21282	0.0000940
all	899	1	21282	0.0000470
all	900	1	21282	0.0000470
all	902	2	21282	0.0000940
all	903	3	21282	0.0001410
all	904	1	21282	0.0000470
all	905	3	21282	0.0001410
all	909	1	21282	0.0000470
all	910	1	21282	0.0000470
all	921	1	21282	0.0000470
all	922	1	21282	0.0000470
all	924	1	21282	0.0000470
all	926	1	21282	0.0000470
all	933	1	21282	0.0000470
all	937	1	21282	0.0000470
all	938	1	21282	0.0000470
all	942	1	21282	0.0000470
all	947	1	21282	0.0000470
all	950	2	21282	0.0000940
all	951	1	21282	0.0000470
all	952	1	21282	0.0000470
all	962	1	21282	0.0000470
all	965	1	21282	0.0000470
all	966	1	21282	0.0000470
all	972	2	21282	0.0000940
all	973	1	21282	0.0000470
all	974	1	21282	0.0000470
all	975	1	21282	0.0000470
all	976	2	21282	0.0000940
all	979	2	21282	0.0000940
all	980	2	21282	0.0000940
all	981	2	21282	0.0000940
all	983	1	21282	0.0000470
all	984	3	21282	0.0001410
all	985	1	21282	0.0000470
all	986	2	21282	0.0000940
all	987	1	21282	0.0000470
all	989	2	21282	0.0000940
all	990	2	21282	0.0000940
all	992	2	21282	0.0000940
all	993	1	21282	0.0000470
all	994	1	21282	0.0000470
all	996	1	21282	0.0000470
all	997	2	21282	0.0000940
all	998	3	21282	0.0001410
all	999	1	21282	0.0000470
all	1001	3	21282	0.0001410
all	1002	3	21282	0.0001410
all	1003	1	21282	0.0000470
all	1004	3	21282	0.0001410
all	1005	1	21282	0.0000470
all	1006	1	21282	0.0000470
all	1007	1	21282	0.0000470
all	1009	2	21282	0.0000940
all	1013	1	21282	0.0000470
all	1015	1	21282	0.0000470
all	1016	1	21282	0.0000470
all	1017	1	21282	0.0000470
all	1018	1	21282	0.0000470
all	1019	1	21282	0.0000470
all	1023	1	21282	0.0000470
all	1024	2	21282	0.0000940
all	1025	1	21282	0.0000470
all	1026	2	21282	0.0000940
all	1027	2	21282	0.0000940
all	1031	1	21282	0.0000470
all	1032	2	21282	0.0000940
all	1033	1	21282	0.0000470
all	1034	2	21282	0.0000940
all	1035	1	21282	0.0000470
all	1036	1	21282	0.0000470
all	1038	2	21282	0.0000940
all	1039	2	21282	0.0000940
all	1044	1	21282	0.0000470
all	1045	1	21282	0.0000470
all	1047	3	21282	0.0001410
all	1050	2	21282	0.0000940
all	1051	1	21282	0.0000470
all	1056	3	21282	0.0001410
all	1057	1	21282	0.0000470
all	1058	1	21282	0.0000470
all	1062	1	21282	0.0000470
all	1063	2	21282	0.0000940
all	1064	1	21282	0.0000470
all	1066	1	21282	0.0000470
all	1068	1	21282	0.0000470
all	1070	2	21282	0.0000940
all	1072	2	21282	0.0000940
all	1073	2	21282	0.0000940
all	1074	1	21282	0.0000470
all	1075	1	21282	0.0000470
all	1077	1	21282	0.0000470
all	1078	1	21282	0.0000470
all	1082	1	21282	0.0000470
all	1083	1	21282	0.0000470
all	1086	1	21282	0.0000470
all	1089	1	21282	0.0000470
all	1090	1	21282	0.0000470
all	1091	2	21282	0.0000940
all	1093	1	21282	0.0000470
all	1094	1	21282	0.0000470
all	1095	2	21282	0.0000940
all	1096	1	21282	0.0000470
all	1097	1	21282	0.0000470
all	1098	2	21282	0.0000940
all	1100	2	21282	0.0000940
all	1101	2	21282	0.0000940
all	1102	2	21282	0.0000940
all	1103	1	21282	0.0000470
all	1104	2	21282	0.0000940
all	1105	1	21282	0.0000470
all	1106	1	21282	0.0000470
all	1107	1	21282	0.0000470
all	1108	1	21282	0.0000470
all	1109	2	21282	0.0000940
all	1110	1	21282	0.0000470
all	1111	2	21282	0.0000940
all	1112	1	21282	0.0000470
all	1113	1	21282	0.0000470
all	1114	1	21282	0.0000470
all	1115	2	21282	0.0000940
all	1118	1	21282	0.0000470
all	1120	1	21282	0.0000470
all	1121	2	21282	0.0000940
all	1123	1	21282	0.0000470
all	1126	1	21282	0.0000470
all	1131	2	21282	0.0000940
all	1132	1	21282	0.0000470
all	1133	1	21282	0.0000470
all	1136	2	21282	0.0000940
all	1138	4	21282	0.0001880
all	1139	2	21282	0.0000940
all	1140	2	21282	0.0000940
all	1142	1	21282	0.0000470
all	1144	2	21282	0.0000940
all	1146	4	21282	0.0001880
all	1147	5	21282	0.0002349
all	1148	1	21282	0.0000470
all	1149	2	21282	0.0000940
all	1150	2	21282	0.0000940
all	1151	1	21282	0.0000470
all	1152	6	21282	0.0002819
all	1153	1	21282	0.0000470
all	1154	2	21282	0.0000940
all	1155	4	21282	0.0001880
all	1156	3	21282	0.0001410
all	1157	3	21282	0.0001410
all	1158	2	21282	0.0000940
all	1160	1	21282	0.0000470
all	1161	1	21282	0.0000470
all	1162	4	21282	0.0001880
all	1163	1	21282	0.0000470
all	1165	1	21282	0.0000470
all	1166	2	21282	0.0000940
all	1168	1	21282	0.0000470
all	1169	2	21282	0.0000940
all	1170	1	21282	0.0000470
all	1171	2	21282	0.0000940
all	1172	2	21282	0.0000940
all	1173	1	21282	0.0000470
all	1175	1	21282	0.0000470
all	1176	1	21282	0.0000470
all	1180	1	21282	0.0000470
all	1182	1	21282	0.0000470
all	1186	1	21282	0.0000470
all	1190	1	21282	0.0000470
all	1191	2	21282	0.0000940
all	1192	2	21282	0.0000940
all	1193	3	21282	0.0001410
all	1195	1	21282	0.0000470
all	1198	1	21282	0.0000470
all	1200	2	21282	0.0000940
all	1201	1	21282	0.0000470
all	1202	1	21282	0.0000470
all	1203	1	21282	0.0000470
all	1204	2	21282	0.0000940
all	1205	2	21282	0.0000940
all	1206	2	21282	0.0000940
all	1208	2	21282	0.0000940
all	1209	3	21282	0.0001410
all	1210	1	21282	0.0000470
all	1211	2	21282	0.0000940
all	1212	3	21282	0.0001410
all	1213	1	21282	0.0000470
all	1214	1	21282	0.0000470
all	1215	9	21282	0.0004229
all	1216	3	21282	0.0001410
all	1217	2	21282	0.0000940
all	1219	4	21282	0.0001880
all	1221	3	21282	0.0001410
all	1222	1	21282	0.0000470
all	1223	1	21282	0.0000470
all	1225	1	21282	0.0000470
all	1226	2	21282	0.0000940
all	1227	1	21282	0.0000470
all	1228	2	21282	0.0000940
all	1230	1	21282	0.0000470
all	1232	1	21282	0.0000470
all	1233	2	21282	0.0000940
all	1235	1	21282	0.0000470
all	1237	1	21282	0.0000470
all	1238	1	21282	0.0000470
all	1240	1	21282	0.0000470
all	1241	1	21282	0.0000470
all	1242	3	21282	0.0001410
all	1243	2	21282	0.0000940
all	1244	3	21282	0.0001410
all	1245	2	21282	0.0000940
all	1246	4	21282	0.0001880
all	1247	2	21282	0.0000940
all	1248	4	21282	0.0001880
all	1249	2	21282	0.0000940
all	1250	4	21282	0.0001880
all	1251	2	21282	0.0000940
all	1252	1	21282	0.0000470
all	1253	3	21282	0.0001410
all	1254	3	21282	0.0001410
all	1255	4	21282	0.0001880
all	1256	3	21282	0.0001410
all	1257	1	21282	0.0000470
all	1258	5	21282	0.0002349
all	1259	3	21282	0.0001410
all	1260	3	21282	0.0001410
all	1262	2	21282	0.0000940
all	1263	2	21282	0.0000940
all	1264	2	21282	0.0000940
all	1265	3	21282	0.0001410
all	1266	6	21282	0.0002819
all	1267	1	21282	0.0000470
all	1268	4	21282	0.0001880
all	1269	3	21282	0.0001410
all	1270	1	21282	0.0000470
all	1271	3	21282	0.0001410
all	1272	5	21282	0.0002349
all	1273	5	21282	0.0002349
all	1274	5	21282	0.0002349
all	1275	4	21282	0.0001880
all	1276	3	21282	0.0001410
all	1277	2	21282	0.0000940
all	1278	3	21282	0.0001410
all	1279	5	21282	0.0002349
all	1280	7	21282	0.0003289
all	1281	6	21282	0.0002819
all	1282	4	21282	0.0001880
all	1283	8	21282	0.0003759
all	1284	3	21282	0.0001410
all	1285	6	21282	0.0002819
all	1286	6	21282	0.0002819
all	1287	4	21282	0.0001880
all	1288	2	21282	0.0000940
all	1289	3	21282	0.0001410
all	1290	5	21282	0.0002349
all	1291	7	21282	0.0003289
all	1292	4	21282	0.0001880
all	1293	5	21282	0.0002349
all	1294	6	21282	0.0002819
all	1295	4	21282	0.0001880
all	1296	5	21282	0.0002349
all	1297	6	21282	0.0002819
all	1298	2	21282	0.0000940
all	1299	1	21282	0.0000470
all	1300	6	21282	0.0002819
all	1301	5	21282	0.0002349
all	1302	4	21282	0.0001880
all	1303	4	21282	0.0001880
all	1304	6	21282	0.0002819
all	1306	2	21282	0.0000940
all	1307	6	21282	0.0002819
all	1308	5	21282	0.0002349
all	1309	1	21282	0.0000470
all	1310	1	21282	0.0000470
all	1311	4	21282	0.0001880
all	1313	1	21282	0.0000470
all	1314	1	21282	0.0000470
all	1315	3	21282	0.0001410
all	1316	4	21282	0.0001880
all	1317	3	21282	0.0001410
all	1318	1	21282	0.0000470
all	1319	2	21282	0.0000940
all	1320	1	21282	0.0000470
all	1321	1	21282	0.0000470
all	1322	5	21282	0.0002349
all	1323	4	21282	0.0001880
all	1324	5	21282	0.0002349
all	1325	1	21282	0.0000470
all	1326	5	21282	0.0002349
all	1327	1	21282	0.0000470
all	1328	2	21282	0.0000940
all	1329	4	21282	0.0001880
all	1330	3	21282	0.0001410
all	1331	2	21282	0.0000940
all	1332	2	21282	0.0000940
all	1333	7	21282	0.0003289
all	1334	4	21282	0.0001880
all	1335	3	21282	0.0001410
all	1336	4	21282	0.0001880
all	1338	2	21282	0.0000940
all	1339	4	21282	0.0001880
all	1340	3	21282	0.0001410
all	1341	3	21282	0.0001410
all	1342	1	21282	0.0000470
all	1343	2	21282	0.0000940
all	1344	4	21282	0.0001880
all	1346	1	21282	0.0000470
all	1347	4	21282	0.0001880
all	1348	2	21282	0.0000940
all	1349	3	21282	0.0001410
all	1350	5	21282	0.0002349
all	1351	3	21282	0.0001410
all	1352	2	21282	0.0000940
all	1353	6	21282	0.0002819
all	1354	2	21282	0.0000940
all	1355	4	21282	0.0001880
all	1357	4	21282	0.0001880
all	1358	5	21282	0.0002349
all	1359	4	21282	0.0001880
all	1360	3	21282	0.0001410
all	1361	6	21282	0.0002819
all	1362	6	21282	0.0002819
all	1363	2	21282	0.0000940
all	1364	2	21282	0.0000940
all	1365	5	21282	0.0002349
all	1366	4	21282	0.0001880
all	1367	6	21282	0.0002819
all	1368	2	21282	0.0000940
all	1369	3	21282	0.0001410
all	1370	4	21282	0.0001880
all	1371	5	21282	0.0002349
all	1372	5	21282	0.0002349
all	1373	4	21282	0.0001880
all	1374	6	21282	0.0002819
all	1375	4	21282	0.0001880
all	1376	3	21282	0.0001410
all	1377	1	21282	0.0000470
all	1378	9	21282	0.0004229
all	1379	4	21282	0.0001880
all	1380	5	21282	0.0002349
all	1381	4	21282	0.0001880
all	1382	3	21282	0.0001410
all	1383	5	21282	0.0002349
all	1384	6	21282	0.0002819
all	1385	5	21282	0.0002349
all	1386	7	21282	0.0003289
all	1387	3	21282	0.0001410
all	1388	6	21282	0.0002819
all	1389	7	21282	0.0003289
all	1390	4	21282	0.0001880
all	1391	9	21282	0.0004229
all	1392	10	21282	0.0004699
all	1393	8	21282	0.0003759
all	1394	4	21282	0.0001880
all	1395	9	21282	0.0004229
all	1396	6	21282	0.0002819
all	1397	12	21282	0.0005639
all	1398	3	21282	0.0001410
all	1399	9	21282	0.0004229
all	1400	11	21282	0.0005169
all	1401	10	21282	0.0004699
all	1402	8	21282	0.0003759
all	1403	7	21282	0.0003289
all	1404	9	21282	0.0004229
all	1405	7	21282	0.0003289
all	1406	4	21282	0.0001880
all	1407	6	21282	0.0002819
all	1408	10	21282	0.0004699
all	1409	11	21282	0.0005169
all	1410	6	21282	0.0002819
all	1411	14	21282	0.0006578
all	1412	14	21282	0.0006578
all	1413	12	21282	0.0005639
all	1414	13	21282	0.0006108
all	1415	9	21282	0.0004229
all	1416	4	21282	0.0001880
all	1417	12	21282	0.0005639
all	1418	6	21282	0.0002819
all	1419	10	21282	0.0004699
all	1420	15	21282	0.0007048
all	1421	9	21282	0.0004229
all	1422	14	21282	0.0006578
all	1423	9	21282	0.0004229
all	1424	12	21282	0.0005639
all	1425	7	21282	0.0003289
all	1426	8	21282	0.0003759
all	1427	11	21282	0.0005169
all	1428	20	21282	0.0009398
all	1429	9	21282	0.0004229
all	1430	12	21282	0.0005639
all	1431	7	21282	0.0003289
all	1432	11	21282	0.0005169
all	1433	14	21282	0.0006578
all	1434	5	21282	0.0002349
all	1435	10	21282	0.0004699
all	1436	15	21282	0.0007048
all	1437	9	21282	0.0004229
all	1438	7	21282	0.0003289
all	1439	13	21282	0.0006108
all	1440	7	21282	0.0003289
all	1441	11	21282	0.0005169
all	1442	16	21282	0.0007518
all	1443	6	21282	0.0002819
all	1444	9	21282	0.0004229
all	1445	7	21282	0.0003289
all	1446	9	21282	0.0004229
all	1447	13	21282	0.0006108
all	1448	15	21282	0.0007048
all	1449	7	21282	0.0003289
all	1450	10	21282	0.0004699
all	1451	9	21282	0.0004229
all	1452	10	21282	0.0004699
all	1453	13	21282	0.0006108
all	1454	13	21282	0.0006108
all	1455	9	21282	0.0004229
all	1456	15	21282	0.0007048
all	1457	13	21282	0.0006108
all	1458	11	21282	0.0005169
all	1459	10	21282	0.0004699
all	1460	13	21282	0.0006108
all	1461	10	21282	0.0004699
all	1462	8	21282	0.0003759
all	1463	12	21282	0.0005639
all	1464	6	21282	0.0002819
all	1465	14	21282	0.0006578
all	1466	16	21282	0.0007518
all	1467	13	21282	0.0006108
all	1468	10	21282	0.0004699
all	1469	12	21282	0.0005639
all	1470	14	21282	0.0006578
all	1471	6	21282	0.0002819
all	1472	14	21282	0.0006578
all	1473	11	21282	0.0005169
all	1474	10	21282	0.0004699
all	1475	9	21282	0.0004229
all	1476	18	21282	0.0008458
all	1477	9	21282	0.0004229
all	1478	13	21282	0.0006108
all	1479	13	21282	0.0006108
all	1480	8	21282	0.0003759
all	1481	16	21282	0.0007518
all	1482	8	21282	0.0003759
all	1483	12	21282	0.0005639
all	1484	16	21282	0.0007518
all	1485	15	21282	0.0007048
all	1486	11	21282	0.0005169
all	1487	8	21282	0.0003759
all	1488	10	21282	0.0004699
all	1489	12	21282	0.0005639
all	1490	19	21282	0.0008928
all	1491	10	21282	0.0004699
all	1492	22	21282	0.0010337
all	1493	14	21282	0.0006578
all	1494	10	21282	0.0004699
all	1495	15	21282	0.0007048
all	1496	14	21282	0.0006578
all	1497	12	21282	0.0005639
all	1498	10	21282	0.0004699
all	1499	9	21282	0.0004229
all	1500	11	21282	0.0005169
all	1501	19	21282	0.0008928
all	1502	15	21282	0.0007048
all	1503	18	21282	0.0008458
all	1504	8	21282	0.0003759
all	1505	9	21282	0.0004229
all	1506	13	21282	0.0006108
all	1507	15	21282	0.0007048
all	1508	12	21282	0.0005639
all	1509	17	21282	0.0007988
all	1510	13	21282	0.0006108
all	1511	10	21282	0.0004699
all	1512	13	21282	0.0006108
all	1513	11	21282	0.0005169
all	1514	9	21282	0.0004229
all	1515	8	21282	0.0003759
all	1516	13	21282	0.0006108
all	1517	9	21282	0.0004229
all	1518	12	21282	0.0005639
all	1519	8	21282	0.0003759
all	1520	9	21282	0.0004229
all	1521	10	21282	0.0004699
all	1522	16	21282	0.0007518
all	1523	11	21282	0.0005169
all	1524	14	21282	0.0006578
all	1525	12	21282	0.0005639
all	1526	17	21282	0.0007988
all	1527	11	21282	0.0005169
all	1528	12	21282	0.0005639
all	1529	15	21282	0.0007048
all	1530	8	21282	0.0003759
all	1531	10	21282	0.0004699
all	1532	14	21282	0.0006578
all	1533	10	21282	0.0004699
all	1534	12	21282	0.0005639
all	1535	11	21282	0.0005169
all	1536	15	21282	0.0007048
all	1537	9	21282	0.0004229
all	1538	16	21282	0.0007518
all	1539	15	21282	0.0007048
all	1540	11	21282	0.0005169
all	1541	11	21282	0.0005169
all	1542	9	21282	0.0004229
all	1543	12	21282	0.0005639
all	1544	7	21282	0.0003289
all	1545	16	21282	0.0007518
all	1546	16	21282	0.0007518
all	1547	12	21282	0.0005639
all	1548	14	21282	0.0006578
all	1549	10	21282	0.0004699
all	1550	8	21282	0.0003759
all	1551	8	21282	0.0003759
all	1552	13	21282	0.0006108
all	1553	14	21282	0.0006578
all	1554	16	21282	0.0007518
all	1555	17	21282	0.0007988
all	1556	12	21282	0.0005639
all	1557	13	21282	0.0006108
all	1558	12	21282	0.0005639
all	1559	10	21282	0.0004699
all	1560	7	21282	0.0003289
all	1561	9	21282	0.0004229
all	1562	13	21282	0.0006108
all	1563	10	21282	0.0004699
all	1564	12	21282	0.0005639
all	1565	11	21282	0.0005169
all	1566	8	21282	0.0003759
all	1567	9	21282	0.0004229
all	1568	10	21282	0.0004699
all	1569	11	21282	0.0005169
all	1570	15	21282	0.0007048
all	1571	10	21282	0.0004699
all	1572	15	21282	0.0007048
all	1573	9	21282	0.0004229
all	1574	11	21282	0.0005169
all	1575	9	21282	0.0004229
all	1576	8	21282	0.0003759
all	1577	12	21282	0.0005639
all	1578	9	21282	0.0004229
all	1579	16	21282	0.0007518
all	1580	18	21282	0.0008458
all	1581	9	21282	0.0004229
all	1582	8	21282	0.0003759
all	1583	12	21282	0.0005639
all	1584	10	21282	0.0004699
all	1585	11	21282	0.0005169
all	1586	16	21282	0.0007518
all	1587	13	21282	0.0006108
all	1588	10	21282	0.0004699
all	1589	14	21282	0.0006578
all	1590	9	21282	0.0004229
all	1591	12	21282	0.0005639
all	1592	10	21282	0.0004699
all	1593	13	21282	0.0006108
all	1594	11	21282	0.0005169
all	1595	14	21282	0.0006578
all	1596	10	21282	0.0004699
all	1597	12	21282	0.0005639
all	1598	6	21282	0.0002819
all	1599	8	21282	0.0003759
all	1600	7	21282	0.0003289
all	1601	7	21282	0.0003289
all	1602	4	21282	0.0001880
all	1603	6	21282	0.0002819
all	1604	13	21282	0.0006108
all	1605	8	21282	0.0003759
all	1606	5	21282	0.0002349
all	1607	8	21282	0.0003759
all	1608	15	21282	0.0007048
all	1609	11	21282	0.0005169
all	1610	8	21282	0.0003759
all	1611	9	21282	0.0004229
all	1612	10	21282	0.0004699
all	1613	14	21282	0.0006578
all	1614	9	21282	0.0004229
all	1615	7	21282	0.0003289
all	1616	3	21282	0.0001410
all	1617	9	21282	0.0004229
all	1618	5	21282	0.0002349
all	1619	11	21282	0.0005169
all	1620	10	21282	0.0004699
all	1621	10	21282	0.0004699
all	1622	20	21282	0.0009398
all	1623	11	21282	0.0005169
all	1624	9	21282	0.0004229
all	1625	9	21282	0.0004229
all	1626	15	21282	0.0007048
all	1627	13	21282	0.0006108
all	1628	15	21282	0.0007048
all	1629	14	21282	0.0006578
all	1630	8	21282	0.0003759
all	1631	7	21282	0.0003289
all	1632	10	21282	0.0004699
all	1633	7	21282	0.0003289
all	1634	11	21282	0.0005169
all	1635	10	21282	0.0004699
all	1636	10	21282	0.0004699
all	1637	7	21282	0.0003289
all	1638	7	21282	0.0003289
all	1639	10	21282	0.0004699
all	1640	14	21282	0.0006578
all	1641	14	21282	0.0006578
all	1642	12	21282	0.0005639
all	1643	6	21282	0.0002819
all	1644	13	21282	0.0006108
all	1645	15	21282	0.0007048
all	1646	15	21282	0.0007048
all	1647	11	21282	0.0005169
all	1648	16	21282	0.0007518
all	1649	17	21282	0.0007988
all	1650	8	21282	0.0003759
all	1651	11	21282	0.0005169
all	1652	11	21282	0.0005169
all	1653	8	21282	0.0003759
all	1654	12	21282	0.0005639
all	1655	12	21282	0.0005639
all	1656	9	21282	0.0004229
all	1657	12	21282	0.0005639
all	1658	11	21282	0.0005169
all	1659	10	21282	0.0004699
all	1660	18	21282	0.0008458
all	1661	15	21282	0.0007048
all	1662	19	21282	0.0008928
all	1663	10	21282	0.0004699
all	1664	9	21282	0.0004229
all	1665	14	21282	0.0006578
all	1666	9	21282	0.0004229
all	1667	13	21282	0.0006108
all	1668	9	21282	0.0004229
all	1669	19	21282	0.0008928
all	1670	19	21282	0.0008928
all	1671	14	21282	0.0006578
all	1672	13	21282	0.0006108
all	1673	13	21282	0.0006108
all	1674	10	21282	0.0004699
all	1675	13	21282	0.0006108
all	1676	10	21282	0.0004699
all	1677	11	21282	0.0005169
all	1678	10	21282	0.0004699
all	1679	12	21282	0.0005639
all	1680	10	21282	0.0004699
all	1681	12	21282	0.0005639
all	1682	13	21282	0.0006108
all	1683	14	21282	0.0006578
all	1684	10	21282	0.0004699
all	1685	17	21282	0.0007988
all	1686	12	21282	0.0005639
all	1687	15	21282	0.0007048
all	1688	14	21282	0.0006578
all	1689	13	21282	0.0006108
all	1690	17	21282	0.0007988
all	1691	16	21282	0.0007518
all	1692	17	21282	0.0007988
all	1693	24	21282	0.0011277
all	1694	14	21282	0.0006578
all	1695	8	21282	0.0003759
all	1696	16	21282	0.0007518
all	1697	16	21282	0.0007518
all	1698	19	21282	0.0008928
all	1699	18	21282	0.0008458
all	1700	14	21282	0.0006578
all	1701	17	21282	0.0007988
all	1702	13	21282	0.0006108
all	1703	21	21282	0.0009867
all	1704	25	21282	0.0011747
all	1705	21	21282	0.0009867
all	1706	21	21282	0.0009867
all	1707	21	21282	0.0009867
all	1708	21	21282	0.0009867
all	1709	16	21282	0.0007518
all	1710	14	21282	0.0006578
all	1711	13	21282	0.0006108
all	1712	13	21282	0.0006108
all	1713	28	21282	0.0013157
all	1714	17	21282	0.0007988
all	1715	17	21282	0.0007988
all	1716	22	21282	0.0010337
all	1717	20	21282	0.0009398
all	1718	14	21282	0.0006578
all	1719	13	21282	0.0006108
all	1720	24	21282	0.0011277
all	1721	21	21282	0.0009867
all	1722	17	21282	0.0007988
all	1723	21	21282	0.0009867
all	1724	11	21282	0.0005169
all	1725	16	21282	0.0007518
all	1726	21	21282	0.0009867
all	1727	15	21282	0.0007048
all	1728	16	21282	0.0007518
all	1729	27	21282	0.0012687
all	1730	17	21282	0.0007988
all	1731	21	21282	0.0009867
all	1732	21	21282	0.0009867
all	1733	17	21282	0.0007988
all	1734	13	21282	0.0006108
all	1735	15	21282	0.0007048
all	1736	25	21282	0.0011747
all	1737	22	21282	0.0010337
all	1738	17	21282	0.0007988
all	1739	20	21282	0.0009398
all	1740	22	21282	0.0010337
all	1741	24	21282	0.0011277
all	1742	20	21282	0.0009398
all	1743	22	21282	0.0010337
all	1744	23	21282	0.0010807
all	1745	24	21282	0.0011277
all	1746	28	21282	0.0013157
all	1747	24	21282	0.0011277
all	1748	29	21282	0.0013627
all	1749	21	21282	0.0009867
all	1750	26	21282	0.0012217
all	1751	25	21282	0.0011747
all	1752	27	21282	0.0012687
all	1753	17	21282	0.0007988
all	1754	24	21282	0.0011277
all	1755	18	21282	0.0008458
all	1756	23	21282	0.0010807
all	1757	32	21282	0.0015036
all	1758	21	21282	0.0009867
all	1759	31	21282	0.0014566
all	1760	20	21282	0.0009398
all	1761	28	21282	0.0013157
all	1762	20	21282	0.0009398
all	1763	21	21282	0.0009867
all	1764	23	21282	0.0010807
all	1765	30	21282	0.0014096
all	1766	35	21282	0.0016446
all	1767	23	21282	0.0010807
all	1768	27	21282	0.0012687
all	1769	21	21282	0.0009867
all	1770	24	21282	0.0011277
all	1771	30	21282	0.0014096
all	1772	29	21282	0.0013627
all	1773	28	21282	0.0013157
all	1774	20	21282	0.0009398
all	1775	28	21282	0.0013157
all	1776	26	21282	0.0012217
all	1777	29	21282	0.0013627
all	1778	30	21282	0.0014096
all	1779	33	21282	0.0015506
all	1780	26	21282	0.0012217
all	1781	39	21282	0.0018325
all	1782	38	21282	0.0017855
all	1783	28	21282	0.0013157
all	1784	36	21282	0.0016916
all	1785	28	21282	0.0013157
all	1786	33	21282	0.0015506
all	1787	24	21282	0.0011277
all	1788	26	21282	0.0012217
all	1789	27	21282	0.0012687
all	1790	38	21282	0.0017855
all	1791	33	21282	0.0015506
all	1792	38	21282	0.0017855
all	1793	26	21282	0.0012217
all	1794	29	21282	0.0013627
all	1795	25	21282	0.0011747
all	1796	48	21282	0.0022554
all	1797	34	21282	0.0015976
all	1798	34	21282	0.0015976
all	1799	21	21282	0.0009867
all	1800	32	21282	0.0015036
all	1801	25	21282	0.0011747
all	1802	31	21282	0.0014566
all	1803	31	21282	0.0014566
all	1804	28	21282	0.0013157
all	1805	37	21282	0.0017386
all	1806	22	21282	0.0010337
all	1807	34	21282	0.0015976
all	1808	30	21282	0.0014096
all	1809	26	21282	0.0012217
all	1810	31	21282	0.0014566
all	1811	31	21282	0.0014566
all	1812	26	21282	0.0012217
all	1813	35	21282	0.0016446
all	1814	31	21282	0.0014566
all	1815	24	21282	0.0011277
all	1816	43	21282	0.0020205
all	1817	35	21282	0.0016446
all	1818	24	21282	0.0011277
all	1819	34	21282	0.0015976
all	1820	27	21282	0.0012687
all	1821	25	21282	0.0011747
all	1822	24	21282	0.0011277
all	1823	38	21282	0.0017855
all	1824	32	21282	0.0015036
all	1825	20	21282	0.0009398
all	1826	33	21282	0.0015506
all	1827	22	21282	0.0010337
all	1828	26	21282	0.0012217
all	1829	24	21282	0.0011277
all	1830	25	21282	0.0011747
all	1831	33	21282	0.0015506
all	1832	23	21282	0.0010807
all	1833	25	21282	0.0011747
all	1834	28	21282	0.0013157
all	1835	15	21282	0.0007048
all	1836	25	21282	0.0011747
all	1837	19	21282	0.0008928
all	1838	17	21282	0.0007988
all	1839	21	21282	0.0009867
all	1840	21	21282	0.0009867
all	1841	23	21282	0.0010807
all	1842	20	21282	0.0009398
all	1843	23	21282	0.0010807
all	1844	16	21282	0.0007518
all	1845	16	21282	0.0007518
all	1846	22	21282	0.0010337
all	1847	19	21282	0.0008928
all	1848	22	21282	0.0010337
all	1849	32	21282	0.0015036
all	1850	15	21282	0.0007048
all	1851	29	21282	0.0013627
all	1852	26	21282	0.0012217
all	1853	27	21282	0.0012687
all	1854	12	21282	0.0005639
all	1855	23	21282	0.0010807
all	1856	22	21282	0.0010337
all	1857	17	21282	0.0007988
all	1858	23	21282	0.0010807
all	1859	31	21282	0.0014566
all	1860	20	21282	0.0009398
all	1861	25	21282	0.0011747
all	1862	31	21282	0.0014566
all	1863	29	21282	0.0013627
all	1864	21	21282	0.0009867
all	1865	21	21282	0.0009867
all	1866	25	21282	0.0011747
all	1867	21	21282	0.0009867
all	1868	26	21282	0.0012217
all	1869	27	21282	0.0012687
all	1870	19	21282	0.0008928
all	1871	15	21282	0.0007048
all	1872	24	21282	0.0011277
all	1873	20	21282	0.0009398
all	1874	20	21282	0.0009398
all	1875	27	21282	0.0012687
all	1876	22	21282	0.0010337
all	1877	33	21282	0.0015506
all	1878	15	21282	0.0007048
all	1879	29	21282	0.0013627
all	1880	20	21282	0.0009398
all	1881	22	21282	0.0010337
all	1882	19	21282	0.0008928
all	1883	25	21282	0.0011747
all	1884	19	21282	0.0008928
all	1885	22	21282	0.0010337
all	1886	25	21282	0.0011747
all	1887	18	21282	0.0008458
all	1888	24	21282	0.0011277
all	1889	19	21282	0.0008928
all	1890	22	21282	0.0010337
all	1891	24	21282	0.0011277
all	1892	27	21282	0.0012687
all	1893	21	21282	0.0009867
all	1894	27	21282	0.0012687
all	1895	17	21282	0.0007988
all	1896	26	21282	0.0012217
all	1897	27	21282	0.0012687
all	1898	20	21282	0.0009398
all	1899	15	21282	0.0007048
all	1900	26	21282	0.0012217
all	1901	15	21282	0.0007048
all	1902	20	21282	0.0009398
all	1903	24	21282	0.0011277
all	1904	17	21282	0.0007988
all	1905	15	21282	0.0007048
all	1906	25	21282	0.0011747
all	1907	21	21282	0.0009867
all	1908	24	21282	0.0011277
all	1909	21	21282	0.0009867
all	1910	34	21282	0.0015976
all	1911	32	21282	0.0015036
all	1912	22	21282	0.0010337
all	1913	24	21282	0.0011277
all	1914	29	21282	0.0013627
all	1915	18	21282	0.0008458
all	1916	21	21282	0.0009867
all	1917	14	21282	0.0006578
all	1918	31	21282	0.0014566
all	1919	25	21282	0.0011747
all	1920	30	21282	0.0014096
all	1921	27	21282	0.0012687
all	1922	17	21282	0.0007988
all	1923	25	21282	0.0011747
all	1924	17	21282	0.0007988
all	1925	26	21282	0.0012217
all	1926	24	21282	0.0011277
all	1927	19	21282	0.0008928
all	1928	21	21282	0.0009867
all	1929	35	21282	0.0016446
all	1930	24	21282	0.0011277
all	1931	32	21282	0.0015036
all	1932	20	21282	0.0009398
all	1933	31	21282	0.0014566
all	1934	31	21282	0.0014566
all	1935	18	21282	0.0008458
all	1936	28	21282	0.0013157
all	1937	29	21282	0.0013627
all	1938	21	21282	0.0009867
all	1939	42	21282	0.0019735
all	1940	25	21282	0.0011747
all	1941	29	21282	0.0013627
all	1942	32	21282	0.0015036
all	1943	19	21282	0.0008928
all	1944	23	21282	0.0010807
all	1945	32	21282	0.0015036
all	1946	28	21282	0.0013157
all	1947	31	21282	0.0014566
all	1948	30	21282	0.0014096
all	1949	30	21282	0.0014096
all	1950	25	21282	0.0011747
all	1951	22	21282	0.0010337
all	1952	26	21282	0.0012217
all	1953	27	21282	0.0012687
all	1954	27	21282	0.0012687
all	1955	32	21282	0.0015036
all	1956	27	21282	0.0012687
all	1957	25	21282	0.0011747
all	1958	24	21282	0.0011277
all	1959	27	21282	0.0012687
all	1960	35	21282	0.0016446
all	1961	20	21282	0.0009398
all	1962	20	21282	0.0009398
all	1963	27	21282	0.0012687
all	1964	27	21282	0.0012687
all	1965	24	21282	0.0011277
all	1966	30	21282	0.0014096
all	1967	27	21282	0.0012687
all	1968	21	21282	0.0009867
all	1969	23	21282	0.0010807
all	1970	32	21282	0.0015036
all	1971	19	21282	0.0008928
all	1972	26	21282	0.0012217
all	1973	15	21282	0.0007048
all	1974	25	21282	0.0011747
all	1975	26	21282	0.0012217
all	1976	12	21282	0.0005639
all	1977	25	21282	0.0011747
all	1978	21	21282	0.0009867
all	1979	17	21282	0.0007988
all	1980	16	21282	0.0007518
all	1981	21	21282	0.0009867
all	1982	27	21282	0.0012687
all	1983	29	21282	0.0013627
all	1984	22	21282	0.0010337
all	1985	20	21282	0.0009398
all	1986	14	21282	0.0006578
all	1987	23	21282	0.0010807
all	1988	17	21282	0.0007988
all	1989	19	21282	0.0008928
all	1990	27	21282	0.0012687
all	1991	23	21282	0.0010807
all	1992	28	21282	0.0013157
all	1993	27	21282	0.0012687
all	1994	17	21282	0.0007988
all	1995	19	21282	0.0008928
all	1996	26	21282	0.0012217
all	1997	33	21282	0.0015506
all	1998	17	21282	0.0007988
all	1999	31	21282	0.0014566
all	2000	26	21282	0.0012217
all	2001	27	21282	0.0012687
all	2002	17	21282	0.0007988
all	2003	19	21282	0.0008928
all	2004	29	21282	0.0013627
all	2005	31	21282	0.0014566
all	2006	34	21282	0.0015976
all	2007	19	21282	0.0008928
all	2008	17	21282	0.0007988
all	2009	24	21282	0.0011277
all	2010	28	21282	0.0013157
all	2011	24	21282	0.0011277
all	2012	30	21282	0.0014096
all	2013	19	21282	0.0008928
all	2014	22	21282	0.0010337
all	2015	18	21282	0.0008458
all	2016	22	21282	0.0010337
all	2017	30	21282	0.0014096
all	2018	22	21282	0.0010337
all	2019	21	21282	0.0009867
all	2020	26	21282	0.0012217
all	2021	20	21282	0.0009398
all	2022	22	21282	0.0010337
all	2023	26	21282	0.0012217
all	2024	26	21282	0.0012217
all	2025	29	21282	0.0013627
all	2026	25	21282	0.0011747
all	2027	28	21282	0.0013157
all	2028	30	21282	0.0014096
all	2029	32	21282	0.0015036
all	2030	24	21282	0.0011277
all	2031	24	21282	0.0011277
all	2032	19	21282	0.0008928
all	2033	25	21282	0.0011747
all	2034	20	21282	0.0009398
all	2035	23	21282	0.0010807
all	2036	34	21282	0.0015976
all	2037	25	21282	0.0011747
all	2038	37	21282	0.0017386
all	2039	29	21282	0.0013627
all	2040	21	21282	0.0009867
all	2041	27	21282	0.0012687
all	2042	18	21282	0.0008458
all	2043	25	21282	0.0011747
all	2044	26	21282	0.0012217
all	2045	32	21282	0.0015036
all	2046	19	21282	0.0008928
all	2047	18	21282	0.0008458
all	2048	23	21282	0.0010807
all	2049	28	21282	0.0013157
all	2050	17	21282	0.0007988
all	2051	25	21282	0.0011747
all	2052	22	21282	0.0010337
all	2053	27	21282	0.0012687
all	2054	28	21282	0.0013157
all	2055	24	21282	0.0011277
all	2056	22	21282	0.0010337
all	2057	19	21282	0.0008928
all	2058	23	21282	0.0010807
all	2059	13	21282	0.0006108
all	2060	25	21282	0.0011747
all	2061	33	21282	0.0015506
all	2062	22	21282	0.0010337
all	2063	26	21282	0.0012217
all	2064	15	21282	0.0007048
all	2065	27	21282	0.0012687
all	2066	28	21282	0.0013157
all	2067	13	21282	0.0006108
all	2068	34	21282	0.0015976
all	2069	18	21282	0.0008458
all	2070	25	21282	0.0011747
all	2071	25	21282	0.0011747
all	2072	34	21282	0.0015976
all	2073	24	21282	0.0011277
all	2074	20	21282	0.0009398
all	2075	20	21282	0.0009398
all	2076	24	21282	0.0011277
all	2077	19	21282	0.0008928
all	2078	16	21282	0.0007518
all	2079	18	21282	0.0008458
all	2080	30	21282	0.0014096
all	2081	24	21282	0.0011277
all	2082	27	21282	0.0012687
all	2083	26	21282	0.0012217
all	2084	18	21282	0.0008458
all	2085	16	21282	0.0007518
all	2086	13	21282	0.0006108
all	2087	29	21282	0.0013627
all	2088	25	21282	0.0011747
all	2089	29	21282	0.0013627
all	2090	20	21282	0.0009398
all	2091	24	21282	0.0011277
all	2092	22	21282	0.0010337
all	2093	20	21282	0.0009398
all	2094	20	21282	0.0009398
all	2095	25	21282	0.0011747
all	2096	20	21282	0.0009398
all	2097	24	21282	0.0011277
all	2098	19	21282	0.0008928
all	2099	24	21282	0.0011277
all	2100	29	21282	0.0013627
all	2101	30	21282	0.0014096
all	2102	24	21282	0.0011277
all	2103	28	21282	0.0013157
all	2104	21	21282	0.0009867
all	2105	22	21282	0.0010337
all	2106	21	21282	0.0009867
all	2107	23	21282	0.0010807
all	2108	23	21282	0.0010807
all	2109	21	21282	0.0009867
all	2110	20	21282	0.0009398
all	2111	20	21282	0.0009398
all	2112	21	21282	0.0009867
all	2113	23	21282	0.0010807
all	2114	40	21282	0.0018795
all	2115	25	21282	0.0011747
all	2116	20	21282	0.0009398
all	2117	24	21282	0.0011277
all	2118	29	21282	0.0013627
all	2119	31	21282	0.0014566
all	2120	26	21282	0.0012217
all	2121	19	21282	0.0008928
all	2122	30	21282	0.0014096
all	2123	26	21282	0.0012217
all	2124	23	21282	0.0010807
all	2125	33	21282	0.0015506
all	2126	32	21282	0.0015036
all	2127	24	21282	0.0011277
all	2128	23	21282	0.0010807
all	2129	19	21282	0.0008928
all	2130	30	21282	0.0014096
all	2131	21	21282	0.0009867
all	2132	21	21282	0.0009867
all	2133	23	21282	0.0010807
all	2134	24	21282	0.0011277
all	2135	30	21282	0.0014096
all	2136	27	21282	0.0012687
all	2137	33	21282	0.0015506
all	2138	16	21282	0.0007518
all	2139	31	21282	0.0014566
all	2140	20	21282	0.0009398
all	2141	23	21282	0.0010807
all	2142	31	21282	0.0014566
all	2143	27	21282	0.0012687
all	2144	31	21282	0.0014566
all	2145	26	21282	0.0012217
all	2146	19	21282	0.0008928
all	2147	38	21282	0.0017855
all	2148	36	21282	0.0016916
all	2149	22	21282	0.0010337
all	2150	23	21282	0.0010807
all	2151	25	21282	0.0011747
all	2152	22	21282	0.0010337
all	2153	21	21282	0.0009867
all	2154	24	21282	0.0011277
all	2155	25	21282	0.0011747
all	2156	28	21282	0.0013157
all	2157	26	21282	0.0012217
all	2158	23	21282	0.0010807
all	2159	29	21282	0.0013627
all	2160	24	21282	0.0011277
all	2161	31	21282	0.0014566
all	2162	25	21282	0.0011747
all	2163	19	21282	0.0008928
all	2164	23	21282	0.0010807
all	2165	26	21282	0.0012217
all	2166	22	21282	0.0010337
all	2167	22	21282	0.0010337
all	2168	22	21282	0.0010337
all	2169	25	21282	0.0011747
all	2170	26	21282	0.0012217
all	2171	27	21282	0.0012687
all	2172	31	21282	0.0014566
all	2173	15	21282	0.0007048
all	2174	17	21282	0.0007988
all	2175	22	21282	0.0010337
all	2176	17	21282	0.0007988
all	2177	19	21282	0.0008928
all	2178	20	21282	0.0009398
all	2179	25	21282	0.0011747
all	2180	26	21282	0.0012217
all	2181	33	21282	0.0015506
all	2182	28	21282	0.0013157
all	2183	29	21282	0.0013627
all	2184	26	21282	0.0012217
all	2185	24	21282	0.0011277
all	2186	22	21282	0.0010337
all	2187	32	21282	0.0015036
all	2188	18	21282	0.0008458
all	2189	21	21282	0.0009867
all	2190	24	21282	0.0011277
all	2191	17	21282	0.0007988
all	2192	18	21282	0.0008458
all	2193	31	21282	0.0014566
all	2194	25	21282	0.0011747
all	2195	22	21282	0.0010337
all	2196	24	21282	0.0011277
all	2197	22	21282	0.0010337
all	2198	27	21282	0.0012687
all	2199	34	21282	0.0015976
all	2200	24	21282	0.0011277
all	2201	15	21282	0.0007048
all	2202	19	21282	0.0008928
all	2203	22	21282	0.0010337
all	2204	26	21282	0.0012217
all	2205	22	21282	0.0010337
all	2206	29	21282	0.0013627
all	2207	17	21282	0.0007988
all	2208	21	21282	0.0009867
all	2209	16	21282	0.0007518
all	2210	22	21282	0.0010337
all	2211	17	21282	0.0007988
all	2212	24	21282	0.0011277
all	2213	17	21282	0.0007988
all	2214	15	21282	0.0007048
all	2215	15	21282	0.0007048
all	2216	24	21282	0.0011277
all	2217	19	21282	0.0008928
all	2218	16	21282	0.0007518
all	2219	18	21282	0.0008458
all	2220	19	21282	0.0008928
all	2221	15	21282	0.0007048
all	2222	19	21282	0.0008928
all	2223	23	21282	0.0010807
all	2224	18	21282	0.0008458
all	2225	21	21282	0.0009867
all	2226	22	21282	0.0010337
all	2227	20	21282	0.0009398
all	2228	24	21282	0.0011277
all	2229	15	21282	0.0007048
all	2230	18	21282	0.0008458
all	2231	23	21282	0.0010807
all	2232	19	21282	0.0008928
all	2233	18	21282	0.0008458
all	2234	22	21282	0.0010337
all	2235	12	21282	0.0005639
all	2236	14	21282	0.0006578
all	2237	22	21282	0.0010337
all	2238	24	21282	0.0011277
all	2239	17	21282	0.0007988
all	2240	17	21282	0.0007988
all	2241	18	21282	0.0008458
all	2242	23	21282	0.0010807
all	2243	13	21282	0.0006108
all	2244	15	21282	0.0007048
all	2245	20	21282	0.0009398
all	2246	21	21282	0.0009867
all	2247	25	21282	0.0011747
all	2248	14	21282	0.0006578
all	2249	22	21282	0.0010337
all	2250	23	21282	0.0010807
all	2251	23	21282	0.0010807
all	2252	12	21282	0.0005639
all	2253	16	21282	0.0007518
all	2254	17	21282	0.0007988
all	2255	17	21282	0.0007988
all	2256	12	21282	0.0005639
all	2257	23	21282	0.0010807
all	2258	17	21282	0.0007988
all	2259	17	21282	0.0007988
all	2260	11	21282	0.0005169
all	2261	21	21282	0.0009867
all	2262	6	21282	0.0002819
all	2263	18	21282	0.0008458
all	2264	15	21282	0.0007048
all	2265	17	21282	0.0007988
all	2266	20	21282	0.0009398
all	2267	21	21282	0.0009867
all	2268	16	21282	0.0007518
all	2269	15	21282	0.0007048
all	2270	23	21282	0.0010807
all	2271	20	21282	0.0009398
all	2272	12	21282	0.0005639
all	2273	18	21282	0.0008458
all	2274	14	21282	0.0006578
all	2275	18	21282	0.0008458
all	2276	16	21282	0.0007518
all	2277	19	21282	0.0008928
all	2278	10	21282	0.0004699
all	2279	20	21282	0.0009398
all	2280	13	21282	0.0006108
all	2281	21	21282	0.0009867
all	2282	19	21282	0.0008928
all	2283	22	21282	0.0010337
all	2284	13	21282	0.0006108
all	2285	14	21282	0.0006578
all	2286	20	21282	0.0009398
all	2287	23	21282	0.0010807
all	2288	18	21282	0.0008458
all	2289	11	21282	0.0005169
all	2290	12	21282	0.0005639
all	2291	10	21282	0.0004699
all	2292	5	21282	0.0002349
all	2293	21	21282	0.0009867
all	2294	15	21282	0.0007048
all	2295	27	21282	0.0012687
all	2296	12	21282	0.0005639
all	2297	13	21282	0.0006108
all	2298	13	21282	0.0006108
all	2299	17	21282	0.0007988
all	2300	13	21282	0.0006108
all	2301	22	21282	0.0010337
all	2302	22	21282	0.0010337
all	2303	12	21282	0.0005639
all	2304	12	21282	0.0005639
all	2305	16	21282	0.0007518
all	2306	10	21282	0.0004699
all	2307	18	21282	0.0008458
all	2308	6	21282	0.0002819
all	2309	18	21282	0.0008458
all	2310	13	21282	0.0006108
all	2311	10	21282	0.0004699
all	2312	14	21282	0.0006578
all	2313	11	21282	0.0005169
all	2314	13	21282	0.0006108
all	2315	20	21282	0.0009398
all	2316	19	21282	0.0008928
all	2317	11	21282	0.0005169
all	2318	19	21282	0.0008928
all	2319	12	21282	0.0005639
all	2320	17	21282	0.0007988
all	2321	23	21282	0.0010807
all	2322	14	21282	0.0006578
all	2323	18	21282	0.0008458
all	2324	12	21282	0.0005639
all	2325	18	21282	0.0008458
all	2326	11	21282	0.0005169
all	2327	14	21282	0.0006578
all	2328	15	21282	0.0007048
all	2329	23	21282	0.0010807
all	2330	14	21282	0.0006578
all	2331	10	21282	0.0004699
all	2332	17	21282	0.0007988
all	2333	12	21282	0.0005639
all	2334	16	21282	0.0007518
all	2335	11	21282	0.0005169
all	2336	16	21282	0.0007518
all	2337	16	21282	0.0007518
all	2338	25	21282	0.0011747
all	2339	16	21282	0.0007518
all	2340	20	21282	0.0009398
all	2341	16	21282	0.0007518
all	2342	14	21282	0.0006578
all	2343	20	21282	0.0009398
all	2344	23	21282	0.0010807
all	2345	15	21282	0.0007048
all	2346	16	21282	0.0007518
all	2347	18	21282	0.0008458
all	2348	17	21282	0.0007988
all	2349	15	21282	0.0007048
all	2350	12	21282	0.0005639
all	2351	14	21282	0.0006578
all	2352	22	21282	0.0010337
all	2353	25	21282	0.0011747
all	2354	17	21282	0.0007988
all	2355	11	21282	0.0005169
all	2356	17	21282	0.0007988
all	2357	14	21282	0.0006578
all	2358	14	21282	0.0006578
all	2359	18	21282	0.0008458
all	2360	12	21282	0.0005639
all	2361	23	21282	0.0010807
all	2362	17	21282	0.0007988
all	2363	19	21282	0.0008928
all	2364	22	21282	0.0010337
all	2365	18	21282	0.0008458
all	2366	12	21282	0.0005639
all	2367	14	21282	0.0006578
all	2368	23	21282	0.0010807
all	2369	13	21282	0.0006108
all	2370	19	21282	0.0008928
all	2371	15	21282	0.0007048
all	2372	18	21282	0.0008458
all	2373	23	21282	0.0010807
all	2374	20	21282	0.0009398
all	2375	10	21282	0.0004699
all	2376	15	21282	0.0007048
all	2377	23	21282	0.0010807
all	2378	19	21282	0.0008928
all	2379	14	21282	0.0006578
all	2380	15	21282	0.0007048
all	2381	16	21282	0.0007518
all	2382	18	21282	0.0008458
all	2383	15	21282	0.0007048
all	2384	19	21282	0.0008928
all	2385	15	21282	0.0007048
all	2386	13	21282	0.0006108
all	2387	15	21282	0.0007048
all	2388	27	21282	0.0012687
all	2389	21	21282	0.0009867
all	2390	22	21282	0.0010337
all	2391	18	21282	0.0008458
all	2392	17	21282	0.0007988
all	2393	18	21282	0.0008458
all	2394	19	21282	0.0008928
all	2395	16	21282	0.0007518
all	2396	16	21282	0.0007518
all	2397	8	21282	0.0003759
all	2398	11	21282	0.0005169
all	2399	15	21282	0.0007048
all	2400	14	21282	0.0006578
all	2401	20	21282	0.0009398
all	2402	15	21282	0.0007048
all	2403	16	21282	0.0007518
all	2404	22	21282	0.0010337
all	2405	19	21282	0.0008928
all	2406	20	21282	0.0009398
all	2407	12	21282	0.0005639
all	2408	10	21282	0.0004699
all	2409	19	21282	0.0008928
all	2410	17	21282	0.0007988
all	2411	10	21282	0.0004699
all	2412	15	21282	0.0007048
all	2413	9	21282	0.0004229
all	2414	17	21282	0.0007988
all	2415	11	21282	0.0005169
all	2416	14	21282	0.0006578
all	2417	19	21282	0.0008928
all	2418	12	21282	0.0005639
all	2419	15	21282	0.0007048
all	2420	10	21282	0.0004699
all	2421	7	21282	0.0003289
all	2422	14	21282	0.0006578
all	2423	12	21282	0.0005639
all	2424	10	21282	0.0004699
all	2425	13	21282	0.0006108
all	2426	6	21282	0.0002819
all	2427	11	21282	0.0005169
all	2428	11	21282	0.0005169
all	2429	15	21282	0.0007048
all	2430	13	21282	0.0006108
all	2431	10	21282	0.0004699
all	2432	8	21282	0.0003759
all	2433	15	21282	0.0007048
all	2434	12	21282	0.0005639
all	2435	14	21282	0.0006578
all	2436	8	21282	0.0003759
all	2437	3	21282	0.0001410
all	2438	10	21282	0.0004699
all	2439	10	21282	0.0004699
all	2440	7	21282	0.0003289
all	2441	5	21282	0.0002349
all	2442	14	21282	0.0006578
all	2443	7	21282	0.0003289
all	2444	9	21282	0.0004229
all	2445	9	21282	0.0004229
all	2446	5	21282	0.0002349
all	2447	8	21282	0.0003759
all	2448	5	21282	0.0002349
all	2449	5	21282	0.0002349
all	2450	11	21282	0.0005169
all	2451	4	21282	0.0001880
all	2452	8	21282	0.0003759
all	2453	11	21282	0.0005169
all	2454	9	21282	0.0004229
all	2455	6	21282	0.0002819
all	2456	7	21282	0.0003289
all	2457	5	21282	0.0002349
all	2458	4	21282	0.0001880
all	2459	8	21282	0.0003759
all	2460	9	21282	0.0004229
all	2461	5	21282	0.0002349
all	2462	6	21282	0.0002819
all	2463	6	21282	0.0002819
all	2464	3	21282	0.0001410
all	2465	11	21282	0.0005169
all	2466	7	21282	0.0003289
all	2467	3	21282	0.0001410
all	2468	6	21282	0.0002819
all	2469	7	21282	0.0003289
all	2470	7	21282	0.0003289
all	2471	10	21282	0.0004699
all	2472	6	21282	0.0002819
all	2473	3	21282	0.0001410
all	2474	7	21282	0.0003289
all	2475	9	21282	0.0004229
all	2476	8	21282	0.0003759
all	2477	7	21282	0.0003289
all	2478	2	21282	0.0000940
all	2479	8	21282	0.0003759
all	2480	2	21282	0.0000940
all	2481	7	21282	0.0003289
all	2482	11	21282	0.0005169
all	2483	7	21282	0.0003289
all	2484	9	21282	0.0004229
all	2485	9	21282	0.0004229
all	2486	9	21282	0.0004229
all	2487	6	21282	0.0002819
all	2488	4	21282	0.0001880
all	2489	7	21282	0.0003289
all	2490	4	21282	0.0001880
all	2491	8	21282	0.0003759
all	2492	11	21282	0.0005169
all	2493	2	21282	0.0000940
all	2494	8	21282	0.0003759
all	2495	7	21282	0.0003289
all	2496	5	21282	0.0002349
all	2497	7	21282	0.0003289
all	2498	6	21282	0.0002819
all	2499	6	21282	0.0002819
all	2500	15	21282	0.0007048
all	2501	10	21282	0.0004699
all	2502	8	21282	0.0003759
all	2503	9	21282	0.0004229
all	2504	4	21282	0.0001880
all	2505	7	21282	0.0003289
all	2506	8	21282	0.0003759
all	2507	2	21282	0.0000940
all	2508	10	21282	0.0004699
all	2509	4	21282	0.0001880
all	2510	9	21282	0.0004229
all	2511	5	21282	0.0002349
all	2512	6	21282	0.0002819
all	2513	9	21282	0.0004229
all	2514	7	21282	0.0003289
all	2515	4	21282	0.0001880
all	2516	6	21282	0.0002819
all	2517	7	21282	0.0003289
all	2518	5	21282	0.0002349
all	2519	6	21282	0.0002819
all	2520	7	21282	0.0003289
all	2521	5	21282	0.0002349
all	2522	4	21282	0.0001880
all	2523	7	21282	0.0003289
all	2524	3	21282	0.0001410
all	2525	7	21282	0.0003289
all	2526	5	21282	0.0002349
all	2527	2	21282	0.0000940
all	2528	5	21282	0.0002349
all	2529	4	21282	0.0001880
all	2530	4	21282	0.0001880
all	2531	7	21282	0.0003289
all	2532	2	21282	0.0000940
all	2533	2	21282	0.0000940
all	2534	3	21282	0.0001410
all	2535	5	21282	0.0002349
all	2536	2	21282	0.0000940
all	2537	5	21282	0.0002349
all	2538	4	21282	0.0001880
all	2539	2	21282	0.0000940
all	2540	2	21282	0.0000940
all	2541	3	21282	0.0001410
all	2542	4	21282	0.0001880
all	2543	2	21282	0.0000940
all	2544	3	21282	0.0001410
all	2545	2	21282	0.0000940
all	2546	5	21282	0.0002349
all	2547	3	21282	0.0001410
all	2548	3	21282	0.0001410
all	2549	2	21282	0.0000940
all	2550	2	21282	0.0000940
all	2551	4	21282	0.0001880
all	2552	1	21282	0.0000470
all	2553	2	21282	0.0000940
all	2554	3	21282	0.0001410
all	2555	3	21282	0.0001410
all	2556	1	21282	0.0000470
all	2557	3	21282	0.0001410
all	2558	2	21282	0.0000940
all	2559	3	21282	0.0001410
all	2560	2	21282	0.0000940
all	2561	2	21282	0.0000940
all	2562	2	21282	0.0000940
all	2563	1	21282	0.0000470
all	2564	1	21282	0.0000470
all	2565	1	21282	0.0000470
all	2566	3	21282	0.0001410
all	2568	1	21282	0.0000470
all	2569	1	21282	0.0000470
all	2570	3	21282	0.0001410
all	2571	2	21282	0.0000940
all	2572	2	21282	0.0000940
all	2573	2	21282	0.0000940
all	2574	1	21282	0.0000470
all	2575	4	21282	0.0001880
all	2576	1	21282	0.0000470
all	2578	2	21282	0.0000940
all	2579	1	21282	0.0000470
all	2580	3	21282	0.0001410
all	2581	5	21282	0.0002349
all	2583	1	21282	0.0000470
all	2584	1	21282	0.0000470
all	2585	2	21282	0.0000940
all	2587	1	21282	0.0000470
all	2588	2	21282	0.0000940
all	2590	2	21282	0.0000940
all	2593	3	21282	0.0001410
all	2594	1	21282	0.0000470
all	2599	1	21282	0.0000470
all	2600	1	21282	0.0000470
all	2601	1	21282	0.0000470
all	2602	1	21282	0.0000470
all	2603	1	21282	0.0000470
all	2604	2	21282	0.0000940
all	2605	1	21282	0.0000470
all	2606	1	21282	0.0000470
all	2608	1	21282	0.0000470
all	2616	1	21282	0.0000470
all	2620	1	21282	0.0000470
all	2622	1	21282	0.0000470
all	2625	1	21282	0.0000470
all	2626	1	21282	0.0000470
all	2628	1	21282	0.0000470
all	2629	2	21282	0.0000940
all	2632	2	21282	0.0000940
all	2634	1	21282	0.0000470
all	2635	3	21282	0.0001410
all	2636	1	21282	0.0000470
all	2637	1	21282	0.0000470
all	2641	2	21282	0.0000940
all	2642	1	21282	0.0000470
all	2645	1	21282	0.0000470
all	2648	1	21282	0.0000470
all	2651	1	21282	0.0000470
all	2652	2	21282	0.0000940
all	2653	1	21282	0.0000470
all	2654	2	21282	0.0000940
all	2655	2	21282	0.0000940
all	2656	1	21282	0.0000470
all	2657	2	21282	0.0000940
all	2658	1	21282	0.0000470
all	2660	1	21282	0.0000470
all	2661	1	21282	0.0000470
all	2662	2	21282	0.0000940
all	2665	3	21282	0.0001410
all	2667	1	21282	0.0000470
all	2670	1	21282	0.0000470
all	2671	1	21282	0.0000470
all	2672	1	21282	0.0000470
all	2674	1	21282	0.0000470
all	2676	1	21282	0.0000470
all	2677	1	21282	0.0000470
all	2682	1	21282	0.0000470
all	2683	1	21282	0.0000470
all	2684	1	21282	0.0000470
